Ea=86.32512950897217	delta_Ea
89.06920009106398	2.7440705820918083
90.57621203362942	4.2510825246572495
91.32619568705559	5.00106617808342
93.81190299987793	7.486773490905762
79.3092677295208	-7.01586177945137
86.21242456883192	-0.11270494014024734
75.13929110765457	-11.185838401317596
79.65722670406103	-6.667902804911137
84.41180367767811	-1.9133258312940598
75.9517551958561	-10.373374313116074
89.1659516915679	2.84082218259573
87.906503200531	1.581373691558838
75.06926956027746	-11.255859948694706
87.60813069343567	1.283001184463501
85.4459304139018	-0.8791990950703621
89.93665623664856	3.6115267276763916
79.92892035841942	-6.39620915055275
89.92616917192936	3.6010396629571915
76.3803123831749	-9.944817125797272
75.19573272019625	-11.12939678877592
90.18177680671215	3.8566472977399826
84.13798116892576	-2.187148340046406
82.73918373137712	-3.585945777595043
77.92869957536459	-8.396429933607578
93.12318485230207	6.7980553433299065
86.37072756141424	0.04559805244207382
96.80726196616888	10.482132457196712
83.60615663975477	-2.718972869217396
88.06293334811926	1.737803839147091
91.41469844430685	5.0895689353346825
88.929791405797	2.6046618968248367
90.22625821083784	3.901128701865673
86.19191994518042	-0.13320956379175186
85.81612777709961	-0.5090017318725586
81.33436562120914	-4.990763887763023
81.90330402553082	-4.421825483441353
80.64667420834303	-5.678455300629139
90.37008742243052	4.044957913458347
81.25484584271908	-5.07028366625309
78.41596445441246	-7.909165054559708
97.45254304260015	11.127413533627987
84.57793824374676	-1.7471912652254105
80.73545338958502	-5.58967611938715
91.56139947474003	5.23626996576786
87.81934197247028	1.4942124634981155
76.43360237032175	-9.891527138650417
88.7667898312211	2.4416603222489357
90.93278051912785	4.607651010155678
82.21366060525179	-4.111468903720379
93.03772211074829	6.712592601776123
93.72931649535894	7.404186986386776
82.2876554057002	-4.037474103271961
86.58163293451071	0.2565034255385399
84.13864164054394	-2.1864878684282303
91.11488498747349	4.78975547850132
86.55298901349306	0.2278595045208931
90.28098629415035	3.9558567851781845
96.67493385076523	10.34980434179306
91.37265323102474	5.047523722052574
90.33817237615585	4.013042867183685
102.42850583046675	16.10337632149458
86.23376451432705	-0.09136499464511871
77.74235028773546	-8.582779221236706
83.91736673563719	-2.40776277333498
83.19386119395494	-3.1312683150172234
83.2392225265503	-3.085906982421875
76.17758566141129	-10.147543847560883
83.08696199953556	-3.2381675094366074
79.62681372463703	-6.698315784335136
80.36400347948074	-5.961126029491425
92.38473561406136	6.059606105089188
90.74200031906366	4.4168708100914955
89.44842816144228	3.123298652470112
86.85355883836746	0.5284293293952942
76.67929501086473	-9.645834498107433
86.15710428357124	-0.16802522540092468
83.26538355648518	-3.059745952486992
89.07167935371399	2.7465498447418213
81.09542043507099	-5.2297090739011765
93.7777056992054	7.452576190233231
82.89197474718094	-3.4331547617912292
85.12843631953001	-1.1966931894421577
81.54983654618263	-4.7752929627895355
91.42381763458252	5.098688125610352
91.89105299860239	5.565923489630222
83.17203076928854	-3.153098739683628
95.82696267217398	9.501833163201809
93.57558577507734	7.250456266105175
84.50242890417576	-1.8227006047964096
81.81578927487135	-4.509340234100819
85.7368323430419	-0.5882971659302711
97.19310485571623	10.86797534674406
75.40140133351088	-10.923728175461292
84.86914456635714	-1.4559849426150322
92.24409698694944	5.918967477977276
83.77056320011616	-2.5545663088560104
87.34486283361912	1.0197333246469498
91.55820313096046	5.2330736219882965
90.63224064558744	4.307111136615276
84.46172671020031	-1.8634027987718582
88.11081620305777	1.785686694085598
85.57033889740705	-0.7547906115651131
89.28075106441975	2.9556215554475784
80.6173137947917	-5.7078157141804695
94.78029786795378	8.45516835898161
78.56856866180897	-7.7565608471632
84.86961946636438	-1.4555100426077843
86.50168037414551	0.17655086517333984
77.51964934915304	-8.805480159819126
88.53138145059347	2.2062519416213036
81.8085268586874	-4.516602650284767
94.68905014544725	8.363920636475086
85.19802359491587	-1.1271059140563011
90.9788020402193	4.653672531247139
89.30104383081198	2.9759143218398094
86.84075679630041	0.5156272873282433
81.57183539122343	-4.753294117748737
81.44641174376011	-4.878717765212059
86.42720957100391	0.10208006203174591
86.53742162138224	0.2122921124100685
85.20627801865339	-1.1188514903187752
86.12173544615507	-0.2033940628170967
86.74363312125206	0.41850361227989197
93.91152823716402	7.586398728191853
74.9295993372798	-11.395530171692371
82.50132478773594	-3.823804721236229
85.3927069157362	-0.9324225932359695
84.59849012643099	-1.7266393825411797
92.29882949590683	5.973699986934662
93.7765775769949	7.451448068022728
87.54707317054272	1.221943661570549
93.82911202311516	7.50398251414299
80.65642312914133	-5.668706379830837
78.63823049515486	-7.68689901381731
97.23850506544113	10.913375556468964
80.80815878510475	-5.516970723867416
68.45986840128899	-17.86526110768318
80.59734085947275	-5.727788649499416
80.52759712934494	-5.797532379627228
79.18873783200979	-7.136391676962376
83.67416533082724	-2.650964178144932
84.39631570130587	-1.9288138076663017
79.9126803651452	-6.4124491438269615
81.99130037426949	-4.3338291347026825
86.12762033194304	-0.19750917702913284
79.36171246320009	-6.963417045772076
84.79684627056122	-1.5282832384109497
93.07715672254562	6.752027213573456
76.45526862889528	-9.869860880076885
88.54805311560631	2.22292360663414
80.29188147932291	-6.033248029649258
90.45213529467583	4.127005785703659
82.6628445610404	-3.6622849479317665
82.03519721329212	-4.289932295680046
71.69620461761951	-14.628924891352654
81.50901539623737	-4.816114112734795
78.0724378824234	-8.252691626548767
70.56158362329006	-15.763545885682106
80.291752807796	-6.0333767011761665
90.92100439220667	4.595874883234501
79.23063525557518	-7.094494253396988
81.59121862798929	-4.733910880982876
88.19090887904167	1.8657793700695038
84.87951020151377	-1.4456193074584007
93.39540868252516	7.07027917355299
77.75109646469355	-8.574033044278622
81.37028214335442	-4.954847365617752
84.5767283141613	-1.7484011948108673
82.21922028809786	-4.1059092208743095
89.47089428454638	3.1457647755742073
91.46476442366838	5.139634914696217
90.61916179955006	4.2940322905778885
81.89184142649174	-4.433288082480431
80.3357261493802	-5.989403359591961
98.09572093933821	11.77059143036604
88.3183792680502	1.9932497590780258
82.12146550416946	-4.203664004802704
89.75831292569637	3.433183416724205
94.65047900378704	8.325349494814873
88.51366652548313	2.1885370165109634
87.7853437885642	1.4602142795920372
88.83746556192636	2.512336052954197
89.20478933304548	2.8796598240733147
89.25742202997208	2.9322925209999084
81.03286883980036	-5.29226066917181
92.12799422442913	5.802864715456963
82.58527387678623	-3.739855632185936
83.29292406141758	-3.0322054475545883
89.67145254462957	3.346323035657406
74.72412379831076	-11.601005710661411
92.14877340942621	5.823643900454044
65.3581814467907	-20.966948062181473
84.58041282743216	-1.7447166815400124
88.41773439198732	2.092604883015156
79.99307209998369	-6.332057408988476
70.95599317550659	-15.369136333465576
90.89788038283587	4.572750873863697
86.72447776049376	0.39934825152158737
93.88688216358423	7.561752654612064
86.87957632541656	0.554446816444397
87.15163872390985	0.8265092149376869
84.80977446585894	-1.5153550431132317
89.13886689394712	2.8137373849749565
91.71918071061373	5.39405120164156
84.6884321346879	-1.6366973742842674
84.5911779999733	-1.7339515089988708
97.16416004300117	10.839030534029007
89.06466107070446	2.739531561732292
82.8638470992446	-3.4612824097275734
86.25793005526066	-0.0671994537115097
79.16041474789381	-7.164714761078358
86.9442530348897	0.6191235259175301
84.8040057644248	-1.521123744547367
90.2645415365696	3.9394120275974274
84.49893140792847	-1.8261981010437012
93.86907140910625	7.543941900134087
87.22155832499266	0.8964288160204887
91.53181626647711	5.20668675750494
83.4808783903718	-2.8442511186003685
83.06786289811134	-3.2572666108608246
84.68816865980625	-1.6369608491659164
88.43562961369753	2.110500104725361
80.7011251822114	-5.624004326760769
91.14097547531128	4.815845966339111
75.20955262333155	-11.115576885640621
85.13835585862398	-1.1867736503481865
85.32693200558424	-0.998197503387928
89.4320681616664	3.1069386526942253
77.40705715864897	-8.9180723503232
93.51051222532988	7.185382716357708
90.3104858994484	3.985356390476227
90.40299636870623	4.077866859734058
82.89090316742659	-3.434226341545582
84.60321886837482	-1.7219106405973434
93.94370328634977	7.618573777377605
87.48861225694418	1.1634827479720116
86.45854888111353	0.13341937214136124
90.39786263555288	4.072733126580715
82.63867960125208	-3.686449907720089
88.46035109460354	2.1352215856313705
82.16521589457989	-4.159913614392281
77.54992469400167	-8.775204814970493
83.72190661728382	-2.603222891688347
81.64454545080662	-4.68058405816555
88.66339619457722	2.338266685605049
76.01804997771978	-10.307079531252384
96.47777489572763	10.152645386755466
101.40554150938988	15.08041200041771
75.00992640852928	-11.315203100442886
90.680584654212	4.35545514523983
80.29469308257103	-6.030436426401138
81.40463974326849	-4.920489765703678
83.90022629499435	-2.4249032139778137
92.44999609142542	6.124866582453251
87.68156107515097	1.3564315661787987
84.51454454660416	-1.8105849623680115
82.86459847539663	-3.460531033575535
99.70396272838116	13.378833219408989
88.66830866783857	2.3431791588664055
90.7490817680955	4.423952259123325
98.42688652873039	12.101757019758224
85.21084763109684	-1.114281877875328
85.30440524220467	-1.0207242667675018
92.50054817646742	6.175418667495251
84.28260008245707	-2.0425294265151024
81.01210013777018	-5.313029371201992
92.10077565163374	5.7756461426615715
88.78442673385143	2.459297224879265
82.94450537860394	-3.3806241303682327
91.91327940672636	5.588149897754192
80.06860221922398	-6.256527289748192
83.24447729438543	-3.0806522145867348
91.80123845487833	5.476108945906162
82.75278165191412	-3.5723478570580482
87.36832962185144	1.0432001128792763
74.79073718190193	-11.534392327070236
82.91970816999674	-3.4054213389754295
85.96872501820326	-0.35640449076890945
83.40460394322872	-2.9205255657434464
89.12594824284315	2.800818733870983
83.8672648742795	-2.457864634692669
83.2315881177783	-3.0935413911938667
78.98363705724478	-7.34149245172739
89.99728135019541	3.67215184122324
75.71529942005873	-10.60983008891344
90.21334402263165	3.8882145136594772
93.99864023178816	7.6735107228159904
99.2881393879652	12.963009878993034
80.84062765538692	-5.484501853585243
89.62164977937937	3.2965202704072
74.96883799135685	-11.356291517615318
92.08188688009977	5.756757371127605
86.02326675504446	-0.30186275392770767
87.25399563461542	0.9288661256432533
82.62431062012911	-3.7008188888430595
86.15279680490494	-0.17233270406723022
85.48246563225985	-0.8426638767123222
95.45174254477024	9.126613035798073
89.49627687036991	3.1711473613977432
79.28647378087044	-7.03865572810173
84.52279072999954	-1.8023387789726257
85.42936354875565	-0.8957659602165222
77.44813331216574	-8.87699619680643
98.81056193262339	12.485432423651218
89.82830230146646	3.503172792494297
84.45526413619518	-1.8698653727769852
83.63627305626869	-2.688856452703476
91.57967326790094	5.254543758928776
76.14470613747835	-10.180423371493816
88.11309463530779	1.7879651263356209
81.11530341953039	-5.209826089441776
80.45498412847519	-5.870145380496979
91.2173148393631	4.89218533039093
87.46951311826706	1.1443836092948914
84.23793515563011	-2.0871943533420563
90.65988229960203	4.334752790629864
90.53553818166256	4.2104086726903915
89.36128021776676	3.036150708794594
85.48078066855669	-0.8443488404154778
93.16029386222363	6.835164353251457
91.44929791986942	5.124168410897255
87.43710739910603	1.1119778901338577
86.72036930918694	0.39523980021476746
94.52095920592546	8.195829696953297
78.07068006694317	-8.254449442029
81.94580063968897	-4.379328869283199
87.8098726272583	1.4847431182861328
78.93114636838436	-7.393983140587807
77.45674152672291	-8.86838798224926
84.67700526118279	-1.648124247789383
78.16697950661182	-8.158150002360344
85.12842840701342	-1.1967011019587517
77.36495783925056	-8.960171669721603
85.77096507698298	-0.554164431989193
79.85537626594305	-6.469753243029118
84.76663298904896	-1.5584965199232101
81.3878600820899	-4.937269426882267
84.04112999141216	-2.283999517560005
86.4294887855649	0.10435927659273148
85.27357541769743	-1.0515540912747383
81.58127655088902	-4.743852958083153
86.15620511770248	-0.16892439126968384
82.63733600825071	-3.6877935007214546
88.26767339557409	1.942543886601925
84.41987047344446	-1.9052590355277061
77.72202787548304	-8.603101633489132
83.03117313235998	-3.2939563766121864
84.68864467740059	-1.636484831571579
82.34180603921413	-3.9833234697580338
88.45948085188866	2.1343513429164886
89.86978028714657	3.5446507781744003
89.3675472959876	3.042417787015438
83.23112297058105	-3.0940065383911133
92.41242000460625	6.087290495634079
86.2790204808116	-0.04610902816057205
75.0792968571186	-11.245832651853561
86.3610932007432	0.035963691771030426
82.10701896995306	-4.218110539019108
91.33667536824942	5.011545859277248
85.88608466088772	-0.43904484808444977
78.02386108785868	-8.301268421113491
89.1341028958559	2.8089733868837357
87.98880172520876	1.6636722162365913
90.27190589159727	3.946776382625103
84.78050789237022	-1.544621616601944
82.7907944843173	-3.5343350246548653
85.82866075634956	-0.49646875262260437
90.21104836463928	3.8859188556671143
89.41103483736515	3.0859053283929825
81.03640785068274	-5.2887216582894325
84.06047637015581	-2.2646531388163567
85.2570169121027	-1.0681125968694687
93.18312249332666	6.857992984354496
94.24862099438906	7.923491485416889
85.6527182534337	-0.6724112555384636
81.59755598753691	-4.727573521435261
91.8579575419426	5.5328280329704285
93.57355682551861	7.24842731654644
83.58803307265043	-2.7370964363217354
70.07465855032206	-16.250470958650112
73.12091695517302	-13.204212553799152
84.01626823097467	-2.3088612779974937
86.93050979822874	0.6053802892565727
89.8312648832798	3.5061353743076324
77.8601471632719	-8.464982345700264
89.21742787957191	2.8922983705997467
90.87358181923628	4.548452310264111
76.29400862008333	-10.031120888888836
84.26727369427681	-2.0578558146953583
84.44705588370562	-1.878073625266552
82.9798771739006	-3.3452523350715637
90.5450419485569	4.219912439584732
87.49982716143131	1.1746976524591446
89.69741658866405	3.372287079691887
77.28238496184349	-9.042744547128677
86.41808217018843	0.092952661216259
91.04058573395014	4.71545622497797
86.10546371340752	-0.2196657955646515
83.66197101026773	-2.6631584987044334
81.43696340173483	-4.888166107237339
96.84054512530565	10.515415616333485
87.92488846182823	1.5997589528560638
88.19342188537121	1.8682923763990402
95.34232565760612	9.017196148633957
81.86329779028893	-4.461831718683243
78.86739020049572	-7.457739308476448
83.70941108465195	-2.615718424320221
95.36879649758339	9.043666988611221
87.16692367941141	0.8417941704392433
79.83381792902946	-6.491311579942703
95.2679295539856	8.942800045013428
80.0410068333149	-6.284122675657272
83.42583803832531	-2.899291470646858
79.04367779195309	-7.281451717019081
78.71865180134773	-7.606477707624435
76.83705088496208	-9.488078624010086
85.95022054761648	-0.3749089613556862
72.09874709695578	-14.226382412016392
98.65221753716469	12.32708802819252
90.80886885523796	4.483739346265793
76.33366405963898	-9.991465449333191
103.81245018541813	17.48732067644596
79.91722759604454	-6.407901912927628
72.15609020739794	-14.16903930157423
80.59184348583221	-5.733286023139954
85.47967486083508	-0.8454546481370926
89.09457059949636	2.7694410905241966
74.81797847896814	-11.507151030004025
73.61748076975346	-12.707648739218712
81.14304210990667	-5.1820873990654945
86.19203862547874	-0.13309088349342346
82.92526981979609	-3.3998596891760826
81.51090031117201	-4.8142291978001595
92.38579370826483	6.06066419929266
77.73355846107006	-8.591571047902107
91.02429293096066	4.699163421988487
72.00592625141144	-14.31920325756073
84.92208214104176	-1.4030473679304123
91.25414285063744	4.929013341665268
78.45262815058231	-7.872501358389854
82.7151515930891	-3.6099779158830643
86.16686959564686	-0.15825991332530975
78.79801514744759	-7.527114361524582
75.74694046378136	-10.578189045190811
79.6781252399087	-6.647004269063473
90.7825749963522	4.457445487380028
89.81721765547991	3.49208814650774
90.86189648509026	4.536766976118088
89.23059585690498	2.9054663479328156
82.41630947589874	-3.9088200330734253
82.9104647487402	-3.4146647602319717
102.55833052843809	16.233201019465923
91.12519147992134	4.800061970949173
71.97257027029991	-14.352559238672256
86.17919321358204	-0.1459362953901291
94.80076687037945	8.47563736140728
83.97960267215967	-2.345526836812496
89.40262968838215	3.0775001794099808
90.46465725451708	4.13952774554491
85.93674932420254	-0.38838018476963043
91.54953989386559	5.224410384893417
87.28769771754742	0.9625682085752487
86.14873038977385	-0.1763991191983223
91.8281544521451	5.503024943172932
82.03348805010319	-4.29164145886898
90.48279605805874	4.157666549086571
86.33436950296164	0.00923999398946762
84.59801512956619	-1.7271143794059753
98.8536474108696	12.52851790189743
89.41044425219297	3.085314743220806
82.87608038634062	-3.44904912263155
80.07679732888937	-6.248332180082798
85.10261446982622	-1.2225150391459465
77.17446166276932	-9.15066784620285
79.02517464011908	-7.299954868853092
88.23382454365492	1.9086950346827507
83.3196232020855	-3.005506306886673
88.3388015255332	2.0136720165610313
79.96956063061953	-6.355568878352642
87.30099746584892	0.9758679568767548
95.06889120489359	8.743761695921421
80.64948701113462	-5.6756424978375435
88.08671905100346	1.7615895420312881
81.23374830186367	-5.091381207108498
88.87794145941734	2.552811950445175
80.85767813771963	-5.467451371252537
90.1634780317545	3.8383485227823257
87.35953100025654	1.0344014912843704
81.25182005763054	-5.073309451341629
84.95702708512545	-1.3681024238467216
87.24475902318954	0.9196295142173767
82.05172047019005	-4.27340903878212
85.75750578194857	-0.5676237270236015
89.32056737691164	2.995437867939472
78.12372924387455	-8.201400265097618
73.25294467061758	-13.072184838354588
88.82116148620844	2.496031977236271
89.26698599010706	2.9418564811348915
90.69652250409126	4.371392995119095
102.28093709051609	15.955807581543922
90.2570417150855	3.9319122061133385
85.8369334936142	-0.4881960153579712
84.20773617178202	-2.117393337190151
95.07729408890009	8.752164579927921
88.13510446995497	1.8099749609827995
82.48260617256165	-3.8425233364105225
83.46161190420389	-2.863517604768276
89.05259941518307	2.7274699062108994
84.58015555143356	-1.7449739575386047
76.8209228888154	-9.504206620156765
76.7245689406991	-9.600560568273067
95.59423322975636	9.269103720784187
85.82171411067247	-0.5034153982996941
92.67690072208643	6.351771213114262
92.4222012385726	6.0970717296004295
95.42997662723064	9.104847118258476
81.2928811982274	-5.032248310744762
85.77246301621199	-0.5526664927601814
79.11341385543346	-7.211715653538704
85.1707204952836	-1.1544090136885643
89.19525964558125	2.8701301366090775
86.8624824732542	0.5373529642820358
79.96811025589705	-6.357019253075123
84.12751150876284	-2.1976180002093315
83.85757131874561	-2.467558190226555
82.5809426754713	-3.744186833500862
93.77918575704098	7.4540562480688095
89.63131064921618	3.306181140244007
79.8728520795703	-6.4522774294018745
90.91166538000107	4.5865358710289
93.164601393044	6.839471884071827
90.97586941719055	4.650739908218384
86.15188302844763	-0.17324648052453995
75.73911640793085	-10.586013101041317
95.08506854623556	8.759939037263393
97.44800256192684	11.122873052954674
77.9929578974843	-8.332171611487865
98.60739197582006	12.282262466847897
91.36374937742949	5.038619868457317
88.56418859958649	2.239059090614319
83.41535732895136	-2.909772180020809
93.6700494736433	7.344919964671135
91.39538730680943	5.070257797837257
73.40087373554707	-12.924255773425102
79.00899738073349	-7.316132128238678
80.94567050039768	-5.379459008574486
78.22010934352875	-8.10502016544342
83.15917029976845	-3.16595920920372
92.65094369649887	6.325814187526703
81.44350503385067	-4.881624475121498
78.10404343903065	-8.22108606994152
89.32601118832827	3.000881679356098
91.2946246266365	4.969495117664337
94.7931963801384	8.46806687116623
80.83101491630077	-5.494114592671394
89.51716823130846	3.1920387223362923
94.351183347404	8.026053838431835
88.16940774768591	1.8442782387137413
96.81806518882513	10.492935679852962
86.4015508517623	0.0764213427901268
75.86194472759962	-10.463184781372547
92.64935302734375	6.324223518371582
74.65663527697325	-11.66849423199892
88.17021344602108	1.845083937048912
93.01362506300211	6.688495554029942
85.3215119317174	-1.0036175772547722
89.1647984907031	2.839668981730938
89.21708212047815	2.8919526115059853
84.834457449615	-1.4906720593571663
90.24893718957901	3.923807680606842
89.92385573685169	3.5987262278795242
78.95979173481464	-7.365337774157524
85.34608820080757	-0.9790413081645966
68.21201160550117	-18.113117903470993
78.4210420101881	-7.904087498784065
95.94702384620905	9.621894337236881
86.40964063256979	0.08451112359762192
85.49601344019175	-0.8291160687804222
91.46000324934721	5.134873740375042
88.57678855210543	2.251659043133259
87.7429878488183	1.4178583398461342
84.47394966334105	-1.8511798456311226
84.58694040775299	-1.7381891012191772
92.21535861492157	5.890229105949402
84.90122377872467	-1.4239057302474976
83.90896588563919	-2.4161636233329773
90.33893743157387	4.0138079226017
87.97388803213835	1.6487585231661797
91.03889516741037	4.713765658438206
86.72534364461899	0.40021413564682007
86.77635799348354	0.4512284845113754
94.41438338160515	8.08925387263298
80.07207702845335	-6.253052480518818
98.06742140650749	11.742291897535324
92.04401958733797	5.718890078365803
90.796027995646	4.470898486673832
81.81549626588821	-4.509633243083954
82.67706268280745	-3.6480668261647224
93.48360462486744	7.158475115895271
87.25155059993267	0.9264210909605026
77.97590997815132	-8.349219530820847
93.61551487445831	7.290385365486145
88.45060459524393	2.125475086271763
94.54995665699244	8.224827148020267
82.83257542550564	-3.49255408346653
89.90894488245249	3.58381537348032
86.81008245795965	0.484952948987484
82.25507470965385	-4.070054799318314
89.56669391691685	3.2415644079446793
82.34106500446796	-3.984064504504204
69.22590466588736	-17.099224843084812
87.52697741240263	1.2018479034304619
85.02053440362215	-1.3045951053500175
86.09748098254204	-0.22764852643013
83.69531696289778	-2.6298125460743904
79.9136120826006	-6.411517426371574
79.26413089782	-7.060998611152172
87.17633571475744	0.8512062057852745
80.03257994353771	-6.292549565434456
79.59165455400944	-6.73347495496273
81.3782027065754	-4.946926802396774
86.2980039268732	-0.027125582098960876
85.06729034334421	-1.2578391656279564
88.12166798114777	1.7965384721755981
78.49963356554508	-7.825495943427086
91.21343247592449	4.888302966952324
78.52034036815166	-7.804789140820503
100.89225360006094	14.567124091088772
97.41953873634338	11.094409227371216
85.52896060049534	-0.7961689084768295
83.68030455708504	-2.6448249518871307
85.25923617184162	-1.0658933371305466
71.76763343065977	-14.557496078312397
80.5936387181282	-5.731490790843964
82.76278139650822	-3.562348112463951
88.94896420836449	2.6238346993923187
84.59149973094463	-1.7336297780275345
90.79078535735607	4.4656558483839035
92.98029684275389	6.655167333781719
98.5917367786169	12.266607269644737
80.80685947090387	-5.5182700380682945
83.71127691864967	-2.6138525903224945
85.65411169081926	-0.6710178181529045
92.88671861588955	6.561589106917381
89.02020458877087	2.6950750797986984
86.80831438302994	0.4831848740577698
94.21329005807638	7.888160549104214
79.38712999224663	-6.93799951672554
88.80931857228279	2.484189063310623
94.81475356966257	8.489624060690403
81.35332717001438	-4.971802338957787
81.90809231251478	-4.417037196457386
78.10738691687584	-8.217742592096329
83.57360032200813	-2.751529186964035
83.77291447669268	-2.5522150322794914
83.71222120523453	-2.6129083037376404
76.93591380119324	-9.38921570777893
76.72371470928192	-9.601414799690247
88.77607210725546	2.450942598283291
92.23617818206549	5.911048673093319
84.7175970301032	-1.6075324788689613
89.19457999616861	2.8694504871964455
88.22476333379745	1.8996338248252869
79.11892528086901	-7.206204228103161
92.85732697695494	6.532197467982769
86.57814541459084	0.2530159056186676
84.27705401927233	-2.0480754896998405
86.24814134091139	-0.07698816806077957
85.37482596188784	-0.9503035470843315
81.56532856076956	-4.75980094820261
96.60390482842922	10.278775319457054
86.35427912324667	0.0291496142745018
91.42846642434597	5.103336915373802
90.86086153239012	4.53573202341795
94.33913210779428	8.014002598822117
88.49353348463774	2.1684039756655693
86.65902338922024	0.33389388024806976
89.32434461265802	2.999215103685856
89.98713860660791	3.662009097635746
76.85941337794065	-9.465716131031513
87.72736787050962	1.4022383615374565
81.17726278305054	-5.147866725921631
82.1009985357523	-4.2241309732198715
76.90925817191601	-9.41587133705616
89.06909018009901	2.7439606711268425
80.9905394539237	-5.334590055048466
92.9075964987278	6.5824669897556305
88.93829879909754	2.61316929012537
76.1434485539794	-10.181680954992771
89.30498349666595	2.9798539876937866
82.77860496938229	-3.546524539589882
81.28288186341524	-5.042247645556927
84.87479953467846	-1.4503299742937088
89.89911895245314	3.5739894434809685
88.36817341297865	2.043043904006481
73.91123323887587	-12.413896270096302
89.90983387827873	3.5847043693065643
86.9626227542758	0.6374932453036308
94.21346823126078	7.8883387222886086
83.2098916247487	-3.115237884223461
92.53061673790216	6.2054872289299965
86.30303740501404	-0.022092103958129883
84.6251694560051	-1.6999600529670715
78.75376549363136	-7.571364015340805
83.48761750012636	-2.837512008845806
79.76313702017069	-6.561992488801479
85.53295391052961	-0.7921755984425545
79.5592701882124	-6.765859320759773
78.92644041776657	-7.398689091205597
78.67209439724684	-7.65303511172533
88.75900679081678	2.433877281844616
83.74969790130854	-2.5754316076636314
78.72782529890537	-7.597304210066795
87.21973902732134	0.8946095183491707
90.00112824141979	3.675998732447624
82.90330418944359	-3.4218253195285797
79.71565037220716	-6.609479136765003
82.81990282982588	-3.50522667914629
79.97179459780455	-6.353334911167622
78.29781791567802	-8.027311593294144
80.58298854529858	-5.742140963673592
90.40275547653437	4.077625967562199
85.80196122080088	-0.5231682881712914
80.17148029059172	-6.153649218380451
83.40564322471619	-2.9194862842559814
78.56077515333891	-7.764354355633259
74.42415158450603	-11.900977924466133
89.28973317146301	2.9646036624908447
81.94107424467802	-4.3840552642941475
97.01066046953201	10.685530960559845
97.78465073555708	11.459521226584911
92.67226173728704	6.347132228314877
84.657958291471	-1.6671712175011635
83.69236769527197	-2.632761813700199
91.0001147761941	4.674985267221928
72.75657510012388	-13.568554408848286
75.91793432086706	-10.407195188105106
86.30837100744247	-0.016758501529693604
95.59685704857111	9.271727539598942
85.89180678129196	-0.4333227276802063
92.1785628721118	5.853433363139629
101.42401409894228	15.098884589970112
84.50866546481848	-1.8164640441536903
91.56792649626732	5.242796987295151
80.95851030945778	-5.366619199514389
92.46977142989635	6.144641920924187
76.51364748179913	-9.811482027173042
70.5449213013053	-15.780208207666874
88.05315516144037	1.7280256524682045
85.44459337741137	-0.8805361315608025
84.56165055185556	-1.7634789571166039
96.45628750324249	10.131157994270325
83.77815895527601	-2.5469705536961555
85.71079076081514	-0.6143387481570244
70.27957241237164	-16.045557096600533
75.0989729911089	-11.226156517863274
81.35064232349396	-4.9744871854782104
88.4840482249856	2.1589187160134315
92.75448209047318	6.429352581501007
88.48317331820726	2.158043809235096
91.44654869288206	5.121419183909893
89.22848145663738	2.9033519476652145
82.523254185915	-3.8018753230571747
80.58873593062162	-5.736393578350544
95.25702533870935	8.931895829737186
84.35912052541971	-1.966008983552456
85.46392076462507	-0.8612087443470955
89.42763543128967	3.102505922317505
80.08802556246519	-6.237103946506977
95.74075467139482	9.415625162422657
96.96409690380096	10.638967394828796
85.22800073772669	-1.0971287712454796
86.44283843785524	0.11770892888307571
67.27259646356106	-19.05253304541111
77.4720045402646	-8.853124968707561
87.59664471447468	1.27151520550251
80.97542516887188	-5.349704340100288
84.02478513866663	-2.300344370305538
100.63898235559464	14.313852846622467
85.26483896374702	-1.0602905452251434
94.39933179318905	8.07420228421688
89.36706908792257	3.041939578950405
99.36920157074928	13.044072061777115
86.09080942720175	-0.23432008177042007
81.25474248826504	-5.07038702070713
84.24240613728762	-2.0827233716845512
91.48405010998249	5.158920601010323
82.29160667955875	-4.033522829413414
95.77451064437628	9.44938113540411
75.97510745376348	-10.350022055208683
76.19045888632536	-10.134670622646809
89.07904902845621	2.753919519484043
95.2323974147439	8.907267905771732
92.87744262069464	6.552313111722469
84.24073610454798	-2.0843934044241905
82.68674617260695	-3.638383336365223
80.52788292616606	-5.79724658280611
85.64390005916357	-0.6812294498085976
83.54719009250402	-2.7779394164681435
92.26880233734846	5.943672828376293
87.2618682011962	0.9367386922240257
71.34026980400085	-14.984859704971313
80.02482947707176	-6.300300031900406
79.89952447265387	-6.425605036318302
83.99335840344429	-2.331771105527878
83.38250339776278	-2.9426261112093925
99.03825264424086	12.713123135268688
82.45187346637249	-3.873256042599678
89.04924956709146	2.724120058119297
91.1874443218112	4.862314812839031
84.77765876799822	-1.5474707409739494
87.15267024189234	0.8275407329201698
81.78742573410273	-4.537703774869442
73.71096014976501	-12.614169359207153
86.53252220153809	0.20739269256591797
80.37822940200567	-5.9469001069664955
85.65293537825346	-0.672194130718708
75.03891921788454	-11.286210291087627
81.73506534844637	-4.590064160525799
88.92452418804169	2.599394679069519
91.64366339147091	5.318533882498741
82.79104559123516	-3.534083917737007
88.11092811077833	1.7857986018061638
81.24775563925505	-5.077373869717121
79.24725543707609	-7.077874071896076
83.36858426779509	-2.956545241177082
77.87826270610094	-8.446866802871227
86.69456867873669	0.36943916976451874
75.88256500661373	-10.442564502358437
85.20047974586487	-1.1246497631072998
84.23506972938776	-2.090059779584408
97.07057693600655	10.745447427034378
89.0775512829423	2.752421773970127
81.60145182162523	-4.723677687346935
77.07948903739452	-9.245640471577644
91.81291230022907	5.487782791256905
84.83047289401293	-1.49465661495924
94.19878619909286	7.873656690120697
91.43118882924318	5.106059320271015
85.50866149365902	-0.8164680153131485
86.56472148746252	0.23959197849035263
81.69841782003641	-4.626711688935757
83.95326122641563	-2.371868282556534
88.82864779233932	2.503518283367157
91.83982664346695	5.5146971344947815
86.82480613142252	0.4996766224503517
88.2668253108859	1.9416958019137383
86.86242142319679	0.5372919142246246
77.23602506518364	-9.089104443788528
91.55742029100657	5.232290782034397
93.59823179990053	7.273102290928364
86.33116484433413	0.00603533536195755
85.71850446611643	-0.6066250428557396
81.71221286058426	-4.612916648387909
87.56512128561735	1.2399917766451836
95.43212478607893	9.106995277106762
97.06412899494171	10.738999485969543
81.86622747033834	-4.458902038633823
80.35211356729269	-5.973015941679478
90.19358833134174	3.8684588223695755
89.70182056725025	3.376691058278084
88.89561206847429	2.570482559502125
90.40729081630707	4.0821613073349
92.24501223117113	5.919882722198963
88.61095224320889	2.2858227342367172
84.70932751148939	-1.6158019974827766
92.60875620692968	6.283626697957516
87.05955281853676	0.7344233095645905
77.98212039470673	-8.343009114265442
87.91830009967089	1.593170590698719
84.25156107544899	-2.073568433523178
83.85533067584038	-2.46979883313179
91.89550555497408	5.570376046001911
74.67870846390724	-11.646421045064926
95.9481163546443	9.62298684567213
86.75395878404379	0.42882927507162094
75.38184601813555	-10.94328349083662
82.33438933640718	-3.9907401725649834
79.7893221154809	-6.535807393491268
86.06241618841887	-0.26271332055330276
89.39082610607147	3.065696597099304
102.43923206627369	16.11410255730152
78.03846871852875	-8.28666079044342
84.49171645194292	-1.8334130570292473
84.89877561479807	-1.426353894174099
86.22157450765371	-0.10355500131845474
79.3188053816557	-7.006324127316475
80.31859385222197	-6.006535656750202
85.44206693023443	-0.8830625787377357
83.70021979510784	-2.6249097138643265
87.28842518478632	0.9632956758141518
81.41942665725946	-4.905702851712704
84.58797254413366	-1.7371569648385048
99.83935119211674	13.51422168314457
93.76504802703857	7.439918518066406
76.3989178314805	-9.926211677491665
76.7040910795331	-9.621038429439068
88.93951828032732	2.614388771355152
83.1328658759594	-3.1922636330127716
77.04641512036324	-9.278714388608932
84.55314099043608	-1.7719885185360909
79.42395866662264	-6.901170842349529
79.96308641135693	-6.362043097615242
93.02954606711864	6.704416558146477
91.13814654946327	4.813017040491104
84.4799233675003	-1.8452061414718628
85.62348429858685	-0.7016452103853226
92.77345485240221	6.448325343430042
95.45379300415516	9.128663495182991
82.68132352083921	-3.6438059881329536
90.00551599264145	3.680386483669281
83.4717665091157	-2.853362999856472
81.00163596123457	-5.323493547737598
75.78331958502531	-10.541809923946857
96.21933288127184	9.894203372299671
80.95652137696743	-5.368608132004738
98.40966822952032	12.084538720548153
87.49781385064125	1.1726843416690826
79.87921480089426	-6.445914708077908
91.15580490231514	4.830675393342972
75.9597827643156	-10.365346744656563
85.3145622909069	-1.0105672180652618
74.71105752885342	-11.614071980118752
81.62400206178427	-4.7011274471879005
89.62376792728901	3.298638418316841
84.62378837913275	-1.7013411298394203
84.31694565713406	-2.008183851838112
88.7964084520936	2.4712789431214333
82.91120298951864	-3.4139265194535255
85.22354307770729	-1.1015864312648773
92.65529615432024	6.330166645348072
86.53489035367966	0.209760844707489
83.00078827887774	-3.324341230094433
84.26677883416414	-2.0583506748080254
95.41460862755775	9.089479118585587
94.48645466566086	8.16132515668869
89.58777014911175	3.2626406401395798
89.25737863779068	2.932249128818512
87.31789860129356	0.9927690923213959
88.99399184435606	2.668862335383892
87.63735131919384	1.312221810221672
97.2304909452796	10.90536143630743
94.6673766374588	8.342247128486633
84.05846790224314	-2.2666616067290306
91.58421254903078	5.259083040058613
91.52690616995096	5.201776660978794
94.01947585493326	7.694346345961094
80.04172244668007	-6.283407062292099
78.40620573610067	-7.918923772871494
94.07773404568434	7.75260453671217
72.60647920519114	-13.718650303781033
84.81410497426987	-1.511024534702301
86.08758008480072	-0.23754942417144775
96.0382859557867	9.713156446814537
79.24434476345778	-7.080784745514393
90.04050923138857	3.715379722416401
88.92534966766834	2.6002201586961746
88.50685031712055	2.181720808148384
91.13193342089653	4.806803911924362
89.34285089373589	3.0177213847637177
92.57100795954466	6.245878450572491
83.07537388801575	-3.249755620956421
85.29532323032618	-1.0298062786459923
84.25870041549206	-2.06642909348011
83.56050481647253	-2.7646246924996376
92.9609852656722	6.635855756700039
89.0947145447135	2.769585035741329
83.88303537666798	-2.4420941323041916
92.62607205659151	6.300942547619343
88.02186101675034	1.6967315077781677
87.316505625844	0.9913761168718338
94.49874350428581	8.173613995313644
87.79940574616194	1.4742762371897697
91.52005572617054	5.194926217198372
87.74554837495089	1.4204188659787178
82.56409938633442	-3.7610301226377487
98.0796892568469	11.754559747874737
95.7060852125287	9.380955703556538
80.10122189670801	-6.223907612264156
84.63107304275036	-1.6940564662218094
83.68868982046843	-2.636439688503742
99.07731059938669	12.752181090414524
92.54120122641325	6.216071717441082
82.8812375664711	-3.443891942501068
85.52374712377787	-0.8013823851943016
85.00354178249836	-1.3215877264738083
93.05843217670918	6.733302667737007
79.8988626897335	-6.426266819238663
82.94551136344671	-3.3796181455254555
83.7277444973588	-2.597385011613369
84.3965303376317	-1.9285991713404655
82.17458534985781	-4.150544159114361
77.45702357590199	-8.868105933070183
89.39062022417784	3.0654907152056694
79.97333414852619	-6.351795360445976
86.62158941477537	0.2964599058032036
86.9459682032466	0.6208386942744255
95.59683524817228	9.271705739200115
85.0454485192895	-1.2796809896826744
81.39699744433165	-4.928132064640522
76.73552998155355	-9.589599527418613
89.56541149318218	3.2402819842100143
81.1121133863926	-5.213016122579575
87.84997273981571	1.524843230843544
90.13096936792135	3.8058398589491844
88.05362239480019	1.7284928858280182
79.01485073566437	-7.3102787733078
85.3832910656929	-0.9418384432792664
95.80015180259943	9.475022293627262
86.02690500766039	-0.298224501311779
93.86353731900454	7.538407810032368
83.98566617816687	-2.3394633308053017
79.37717491388321	-6.947954595088959
95.40132247656584	9.07619296759367
90.51203018426895	4.1869006752967834
96.34119439125061	10.016064882278442
88.8763837441802	2.5512542352080345
81.70972750335932	-4.61540200561285
89.47515585273504	3.1500263437628746
78.08945193886757	-8.235677570104599
93.42906358838081	7.103934079408646
83.90716817975044	-2.4179613292217255
85.06791120767593	-1.2572183012962341
81.43328577280045	-4.891843736171722
84.79113454371691	-1.5339949652552605
77.99775271862745	-8.327376790344715
69.82903934270144	-16.496090166270733
78.69007895886898	-7.635050550103188
89.5837914943695	3.258661985397339
96.86118643730879	10.53605692833662
90.14473501592875	3.8196055069565773
86.44747024029493	0.12234073132276535
94.50149020552635	8.176360696554184
83.07906208187342	-3.246067427098751
73.59981952607632	-12.725309982895851
88.03687500953674	1.7117455005645752
75.01115968823433	-11.313969820737839
80.19765037298203	-6.127479135990143
88.45940773189068	2.1342782229185104
81.51627672463655	-4.808852784335613
75.04902724921703	-11.276102259755135
73.0137068927288	-13.311422616243362
78.36701783537865	-7.958111673593521
90.76082590222359	4.435696393251419
89.00694025307894	2.6818107441067696
88.75166570395231	2.4265361949801445
86.79953695088625	0.4744074419140816
81.24119205027819	-5.083937458693981
96.11601752787828	9.790888018906116
83.67217416316271	-2.6529553458094597
86.23552463948727	-0.08960486948490143
88.07920119166374	1.754071682691574
88.26593824476004	1.9408087357878685
69.74428133666515	-16.580848172307014
89.21776787936687	2.8926383703947067
77.70608974248171	-8.61903976649046
71.68666781485081	-14.63846169412136
80.73303747177124	-5.592092037200928
94.0100126862526	7.684883177280426
92.41956222057343	6.094432711601257
77.47372345626354	-8.851406052708626
84.20714824646711	-2.1179812625050545
93.55870764702559	7.233578138053417
82.51094948500395	-3.8141800239682198
84.80197382718325	-1.5231556817889214
83.80454090982676	-2.5205885991454124
88.03306218981743	1.7079326808452606
89.1759352311492	2.8508057221770287
85.71899267286062	-0.6061368361115456
90.1319226399064	3.8067931309342384
86.62480459362268	0.2996750846505165
92.21238615363836	5.887256644666195
77.3645726069808	-8.960556901991367
81.01432467997074	-5.310804829001427
81.03485391288996	-5.2902755960822105
90.06704825907946	3.7419187501072884
92.44235419481993	6.117224685847759
88.50729174911976	2.1821622401475906
84.24687990546227	-2.078249603509903
77.2937783524394	-9.031351156532764
81.93288445472717	-4.392245054244995
81.64254507422447	-4.682584434747696
77.56038239598274	-8.764747112989426
85.23158847540617	-1.093541033565998
90.49733121693134	4.172201707959175
85.87492331117392	-0.4502061977982521
84.15194850414991	-2.173181004822254
84.96931546926498	-1.3558140397071838
85.98169255256653	-0.34343695640563965
86.873350687325	0.5482211783528328
85.95357635617256	-0.3715531527996063
85.91741575300694	-0.40771375596523285
91.39380057901144	5.068671070039272
81.8156595826149	-4.509469926357269
85.29916153848171	-1.0259679704904556
79.28419914096594	-7.040930368006229
85.92278075963259	-0.40234874933958054
82.53651954233646	-3.788609966635704
85.26588355749846	-1.059245951473713
85.60760723054409	-0.7175222784280777
97.88490504771471	11.559775538742542
93.17539700865746	6.8502674996852875
86.31332863867283	-0.011800870299339294
87.84737466275692	1.522245153784752
91.69682862609625	5.371699117124081
91.32046345621347	4.995333947241306
85.70780332386494	-0.6173261851072311
72.96068942546844	-13.364440083503723
81.5049654841423	-4.8201640248298645
82.23222414404154	-4.09290536493063
90.30675383657217	3.9816243276000023
85.55222447216511	-0.7729050368070602
90.14495392888784	3.819824419915676
94.06562332808971	7.740493819117546
80.73702124506235	-5.588108263909817
86.24434251338243	-0.08078699558973312
76.08066556602716	-10.244463942945004
78.03324138373137	-8.291888125240803
71.32950615882874	-14.995623350143433
81.92128916829824	-4.4038403406739235
78.72355298697948	-7.601576521992683
88.72759406268597	2.4024645537137985
85.00722884386778	-1.3179006651043892
89.26120956242085	2.936080053448677
77.37143917381763	-8.953690335154533
91.1433889195323	4.818259410560131
90.76096920669079	4.43583969771862
83.48985873162746	-2.8352707773447037
88.21442694216967	1.8892974331974983
100.73126028478146	14.406130775809288
89.66223184019327	3.3371023312211037
88.89667862653732	2.571549117565155
81.65022426843643	-4.674905240535736
88.16948641836643	1.8443569093942642
90.10974392294884	3.7846144139766693
82.06874341517687	-4.2563860937952995
88.5905003324151	2.265370823442936
90.25365701317787	3.9285275042057037
75.09398825466633	-11.23114125430584
77.61040587723255	-8.714723631739616
92.15674555301666	5.831616044044495
89.34196426719427	3.016834758222103
86.11857961118221	-0.20654989778995514
76.38289345800877	-9.942236050963402
77.96276741474867	-8.3623620942235
84.29588251560926	-2.0292469933629036
89.20337633043528	2.878246821463108
87.30726855248213	0.9821390435099602
87.1849731951952	0.8598436862230301
81.59534277021885	-4.729786738753319
83.95216994732618	-2.3729595616459846
87.8813211619854	1.5561916530132294
82.0905990600586	-4.234530448913574
87.67867884784937	1.353549338877201
95.15692073851824	8.83179122954607
82.40040868520737	-3.924720823764801
95.66440107673407	9.339271567761898
79.7885337844491	-6.5365957245230675
85.63885930925608	-0.6862701997160912
83.03419502079487	-3.2909344881772995
94.0462436452508	7.721114136278629
92.36691926419735	6.041789755225182
90.91388716548681	4.588757656514645
89.83465922623873	3.5095297172665596
94.1485151797533	7.823385670781136
106.85977931320667	20.534649804234505
85.03389694541693	-1.2912325635552406
91.68629247695208	5.361162967979908
85.63606598228216	-0.6890635266900063
90.24214413762093	3.917014628648758
96.86397217959166	10.538842670619488
89.74650163203478	3.4213721230626106
72.31975194066763	-14.005377568304539
79.76495553553104	-6.560173973441124
95.69196677207947	9.3668372631073
88.43942377716303	2.1142942681908607
83.1314109787345	-3.1937185302376747
84.8784543350339	-1.4466751739382744
82.95763148367405	-3.3674980252981186
89.73492547124624	3.4097959622740746
83.02076837420464	-3.3043611347675323
88.85896445810795	2.5338349491357803
81.26078602671623	-5.064343482255936
82.36121864616871	-3.963910862803459
84.53957712650299	-1.7855523824691772
94.72070899605751	8.395579487085342
89.51223151385784	3.1871020048856735
81.08920844644308	-5.235921062529087
86.52921729534864	0.2040877863764763
80.53480982780457	-5.7903196811676025
86.20805778354406	-0.1170717254281044
82.88529887795448	-3.439830631017685
88.16918321698904	1.8440537080168724
89.36800239980221	3.04287289083004
80.54218103736639	-5.782948471605778
85.26929321140051	-1.055836297571659
76.2086109444499	-10.116518564522266
93.03164099156857	6.706511482596397
105.69889052212238	19.373761013150215
64.90368114411831	-21.42144836485386
83.23328877985477	-3.0918407291173935
89.82057268172503	3.495443172752857
93.09310229122639	6.767972782254219
91.91543011367321	5.590300604701042
93.24148645997047	6.916356950998306
86.65648605674505	0.33135654777288437
98.24891059100628	11.923781082034111
74.32536417245865	-11.99976533651352
88.61842040717602	2.29329089820385
85.94104849547148	-0.38408101350069046
80.00991868972778	-6.315210819244385
80.96538344025612	-5.359746068716049
85.30212272703648	-1.0230067819356918
104.86135736107826	18.536227852106094
82.84013275802135	-3.4849967509508133
87.4687026143074	1.1435731053352356
81.76416219770908	-4.560967311263084
89.7119750380516	3.3868455290794373
76.09669332951307	-10.228436179459095
87.35374391078949	1.0286144018173218
85.66220936924219	-0.6629201397299767
95.74402899295092	9.418899483978748
79.82159271836281	-6.50353679060936
81.49573279172182	-4.829396717250347
94.9858914539218	8.660761944949627
67.48120378702879	-18.84392572194338
86.53305374085903	0.2079242318868637
82.88847241550684	-3.436657093465328
85.63290372490883	-0.6922257840633392
92.28430219739676	5.959172688424587
80.14785573631525	-6.177273772656918
88.17972942441702	1.854599915444851
82.75757528096437	-3.5675542280077934
90.3464623093605	4.021332800388336
78.52718670666218	-7.79794280230999
84.61408820748329	-1.7110413014888763
89.99396754801273	3.6688380390405655
90.11552193015814	3.7903924211859703
72.64565370231867	-13.6794758066535
86.0917724519968	-0.23335705697536469
84.67958869040012	-1.6455408185720444
82.84626244008541	-3.478867068886757
84.88038398325443	-1.4447455257177353
84.83576875180006	-1.4893607571721077
85.54000887274742	-0.7851206362247467
85.45927956700325	-0.8658499419689178
83.93440102040768	-2.3907284885644913
94.2711244598031	7.945994950830936
87.55298180133104	1.2278522923588753
86.42221261560917	0.09708310663700104
97.76062647253275	11.435496963560581
83.33456403762102	-2.9905654713511467
87.32496676594019	0.9998372569680214
82.26816416531801	-4.056965343654156
86.89983744174242	0.5747079327702522
91.07507334649563	4.74994383752346
84.18661725521088	-2.1385122537612915
87.2603627666831	0.9352332577109337
85.0549805611372	-1.2701489478349686
91.34990360587835	5.024774096906185
83.41037426888943	-2.914755240082741
82.89762707799673	-3.427502430975437
83.82573392987251	-2.499395579099655
80.68192289024591	-5.6432066187262535
93.58570834994316	7.260578840970993
79.85620977729559	-6.4689197316765785
100.70402796566486	14.378898456692696
87.86030500382185	1.5351754948496819
72.72562522441149	-13.59950428456068
79.7469157576561	-6.578213751316071
92.04383282363415	5.71870331466198
84.72951307147741	-1.5956164374947548
98.0008731558919	11.675743646919727
82.20820713788271	-4.1169223710894585
90.2611666098237	3.936037100851536
95.6708607673645	9.345731258392334
86.66442123800516	0.3392917290329933
81.92979093641043	-4.395338572561741
83.71445896476507	-2.610670544207096
80.32231469452381	-6.002814814448357
84.77401646971703	-1.5511130392551422
86.32535522431135	0.00022571533918380737
83.96811360865831	-2.357015900313854
85.48966255784035	-0.8354669511318207
96.90468308329582	10.579553574323654
91.26101074367762	4.935881234705448
81.31432866305113	-5.01080084592104
92.88776161521673	6.562632106244564
73.16112192720175	-13.16400758177042
82.98754797875881	-3.337581530213356
94.48825946450233	8.163129955530167
85.15320671349764	-1.1719227954745293
86.28347750753164	-0.041652001440525055
89.48011091351509	3.154981404542923
85.81368814408779	-0.5114413648843765
86.86973007023335	0.5446005612611771
93.12118265777826	6.796053148806095
94.5703684836626	8.245238974690437
83.23107958585024	-3.094049923121929
89.33118839561939	3.0060588866472244
84.76563923805952	-1.5594902709126472
85.12006778270006	-1.2050617262721062
83.98171515017748	-2.343414358794689
80.70763763785362	-5.6174918711185455
75.85357988625765	-10.47154962271452
89.95914681255817	3.634017303586006
83.57971438020468	-2.7454151287674904
89.26436389237642	2.939234383404255
81.18134851753712	-5.143780991435051
78.755460485816	-7.569669023156166
83.00012177228928	-3.325007736682892
89.43618137389421	3.1110518649220467
78.27366533130407	-8.051464177668095
92.71586705744267	6.390737548470497
88.86594592779875	2.54081641882658
80.69577682763338	-5.629352681338787
84.14707233011723	-2.1780571788549423
85.06380665302277	-1.2613228559494019
88.07418931275606	1.7490598037838936
87.7710585668683	1.4459290578961372
84.16086965799332	-2.1642598509788513
81.68366704881191	-4.641462460160255
83.12265941500664	-3.2024700939655304
92.41089361160994	6.085764102637768
78.83290638774633	-7.492223121225834
70.31357870995998	-16.011550799012184
80.56782644987106	-5.757303059101105
90.04440823197365	3.71927872300148
85.47373208403587	-0.8513974249362946
85.17217405885458	-1.152955450117588
83.23118463158607	-3.093944877386093
87.76071058958769	1.4355810806155205
68.83767846226692	-17.487451046705246
87.38688687235117	1.0617573633790016
82.91533008217812	-3.409799426794052
81.2462804466486	-5.07884906232357
85.69632261246443	-0.62880689650774
91.05109069496393	4.725961185991764
79.4018537029624	-6.923275806009769
82.11207216233015	-4.213057346642017
92.28077490627766	5.955645397305489
75.79048570245504	-10.534643806517124
83.80355136841536	-2.5215781405568123
80.18378052860498	-6.141348980367184
90.80628970265388	4.481160193681717
81.94656095653772	-4.378568552434444
94.18576230853796	7.860632799565792
89.13212788105011	2.806998372077942
86.27907399833202	-0.04605551064014435
80.22294454276562	-6.102184966206551
81.15215387940407	-5.1729756295681
96.69958103448153	10.374451525509357
89.03606993705034	2.7109404280781746
99.87670331448317	13.551573805510998
80.64390678703785	-5.6812227219343185
83.66242377460003	-2.662705734372139
77.22554431855679	-9.099585190415382
74.62303927540779	-11.702090233564377
87.20462195575237	0.8794924467802048
95.1037665605545	8.778637051582336
76.41514776647091	-9.909981742501259
80.23483698070049	-6.090292528271675
85.99215915054083	-0.33297035843133926
91.01177955418825	4.6866500452160835
90.81366830319166	4.488538794219494
91.30488383024931	4.979754321277142
85.26046368479729	-1.064665824174881
87.03980179131031	0.7146722823381424
88.74199010431767	2.416860595345497
93.51092717051506	7.1857976615428925
93.46478993445635	7.1396604254841805
97.09990885853767	10.774779349565506
81.33934319764376	-4.985786311328411
94.09275559335947	7.767626084387302
94.86489326506853	8.539763756096363
86.01515733450651	-0.3099721744656563
87.73385768383741	1.4087281748652458
77.49703624099493	-8.828093267977238
88.31371732056141	1.988587811589241
81.33626510202885	-4.988864406943321
92.9278594776988	6.602729968726635
81.92158764600754	-4.40354186296463
81.95712569355965	-4.368003815412521
88.27003169804811	1.9449021890759468
88.99049707502127	2.665367566049099
89.93834891915321	3.6132194101810455
79.42849798500538	-6.896631523966789
93.73832342773676	7.413193918764591
83.02690386027098	-3.298225648701191
82.45922631025314	-3.8659031987190247
96.24352715164423	9.918397642672062
93.87908513098955	7.553955622017384
80.67814619839191	-5.646983310580254
84.36868867278099	-1.9564408361911774
82.0016106441617	-4.323518864810467
83.10173738747835	-3.2233921214938164
97.54694385826588	11.221814349293709
88.48017487674952	2.1550453677773476
92.23101148754358	5.905881978571415
80.6606699153781	-5.664459593594074
77.89440222084522	-8.430727288126945
82.48355158418417	-3.841577924787998
85.14450009167194	-1.1806294173002243
93.7413883432746	7.416258834302425
91.52371218055487	5.198582671582699
88.4377986267209	2.1126691177487373
81.06506694108248	-5.26006256788969
89.68578642606735	3.3606569170951843
87.45342593640089	1.1282964274287224
89.62365201115608	3.298522502183914
84.01391372829676	-2.3112157806754112
86.79118753224611	0.46605802327394485
85.35742692649364	-0.9677025824785233
89.14080373197794	2.8156742230057716
92.96149883419275	6.636369325220585
90.29973582923412	3.9746063202619553
95.72386501729488	9.398735508322716
91.14324843883514	4.818118929862976
89.15268602222204	2.827556513249874
89.42481779307127	3.099688284099102
89.6427683904767	3.3176388815045357
81.3763916194439	-4.9487378895282745
81.96398252248764	-4.361146986484528
101.2019749134779	14.87684540450573
91.45493397116661	5.129804462194443
82.58072385936975	-3.744405649602413
86.92724759876728	0.6021180897951126
84.82053209841251	-1.5045974105596542
81.36751990765333	-4.957609601318836
85.14975903183222	-1.1753704771399498
83.49566797167063	-2.8294615373015404
89.28324174880981	2.9581122398376465
78.85570164769888	-7.469427861273289
82.12781757861376	-4.19731193035841
93.08215122669935	6.757021717727184
93.4215147048235	7.096385195851326
91.32609057426453	5.000961065292358
78.1761711537838	-8.14895835518837
94.2780884578824	7.952958948910236
84.2222544029355	-2.102875106036663
96.77683654427528	10.451707035303116
84.07444587349892	-2.2506836354732513
90.388865403831	4.063735894858837
83.34105214476585	-2.984077364206314
86.43529354780912	0.11016403883695602
77.99826371669769	-8.326865792274475
92.04236350953579	5.7172340005636215
85.98959819227457	-0.3355313166975975
94.88614983856678	8.561020329594612
87.45420571416616	1.1290762051939964
84.0746382176876	-2.250491291284561
81.381368085742	-4.943761423230171
98.82354193925858	12.498412430286407
88.4602117985487	2.1350822895765305
80.0346244648099	-6.290505044162273
92.0129260495305	5.687796540558338
92.51527463644743	6.190145127475262
90.7520697787404	4.426940269768238
87.17740472406149	0.8522752150893211
87.68664899468422	1.3615194857120514
83.7057666555047	-2.6193628534674644
88.18383157253265	1.8587020635604858
77.66705183684826	-8.658077672123909
87.9800132215023	1.654883712530136
81.4317168071866	-4.893412701785564
86.40952210873365	0.08439259976148605
87.5786986798048	1.253569170832634
82.37344477325678	-3.9516847357153893
81.30931843817234	-5.015811070799828
89.5975241959095	3.272394686937332
81.59316816926003	-4.731961339712143
83.46906813234091	-2.85606137663126
99.23326013237238	12.908130623400211
86.98191875964403	0.6567892506718636
89.15459401160479	2.829464502632618
87.07954267412424	0.7544131651520729
88.73449262231588	2.4093631133437157
80.04345251619816	-6.28167699277401
88.06047451496124	1.7353450059890747
86.46071062982082	0.1355811208486557
87.58534306287766	1.260213553905487
87.35033788532019	1.0252083763480186
76.54223097860813	-9.782898530364037
93.13247337192297	6.807343862950802
87.64659541845322	1.3214659094810486
82.04505163431168	-4.280077874660492
79.72673843055964	-6.598391078412533
82.44899494200945	-3.876134566962719
79.70022666454315	-6.624902844429016
93.7307610437274	7.40563153475523
87.59150246530771	1.2663729563355446
88.19743634015322	1.8723068311810493
85.18058124929667	-1.1445482596755028
86.41437241435051	0.08924290537834167
91.37488880753517	5.0497592985630035
84.80708481371403	-1.5180446952581406
86.62321010231972	0.29808059334754944
86.21118004620075	-0.11394946277141571
89.4417434707284	3.1166139617562294
84.64995025098324	-1.6751792579889297
90.7436041906476	4.418474681675434
76.87587835639715	-9.449251152575016
84.20756028592587	-2.117569223046303
83.88716125488281	-2.4379682540893555
82.17907959967852	-4.146049909293652
90.28369184583426	3.9585623368620872
90.43595270067453	4.110823191702366
95.05338425934315	8.72825475037098
87.94832879304886	1.6231992840766907
82.1441183462739	-4.181011162698269
83.94284615665674	-2.382283352315426
92.14574588090181	5.8206163719296455
71.94361136108637	-14.3815181478858
77.25218164175749	-9.07294786721468
89.3804718926549	3.055342383682728
88.4786945283413	2.1535650193691254
82.69159408658743	-3.633535422384739
87.57923047989607	1.2541009709239006
81.31986054778099	-5.005268961191177
98.6504037976265	12.325274288654327
84.44547291100025	-1.8796565979719162
87.99536600708961	1.670236498117447
89.97789005935192	3.652760550379753
98.0060427710414	11.680913262069225
86.35846021771431	0.033330708742141724
95.98814986646175	9.663020357489586
92.79965268075466	6.474523171782494
93.42720351368189	7.102074004709721
92.65116591006517	6.326036401093006
84.43829204142094	-1.8868374675512314
81.7629766613245	-4.562152847647667
84.7477945163846	-1.5773349925875664
90.51971741765738	4.194587908685207
94.2798284292221	7.954698920249939
94.65745775401592	8.332328245043755
79.23856410384178	-7.086565405130386
87.02059576660395	0.6954662576317787
78.41380786895752	-7.911321640014648
82.2151939868927	-4.109935522079468
92.20698319375515	5.881853684782982
70.98174606263638	-15.343383446335793
91.85939504951239	5.534265540540218
89.83425664901733	3.509127140045166
76.84303168207407	-9.482097826898098
85.53121201694012	-0.7939174920320511
80.38193561136723	-5.943193897604942
91.02106653153896	4.695937022566795
93.2758975699544	6.950768060982227
90.17509987950325	3.849970370531082
84.06649512052536	-2.258634388446808
76.34269502013922	-9.98243448883295
78.43518269062042	-7.889946818351746
94.50945032387972	8.18432081490755
80.96371246129274	-5.361417047679424
98.86066215485334	12.535532645881176
92.30468916147947	5.979559652507305
90.80211452394724	4.476985014975071
95.55349806696177	9.228368557989597
85.46028336882591	-0.8648461401462555
88.01309081166983	1.6879613026976585
91.16223058104515	4.837101072072983
84.91628851741552	-1.4088409915566444
85.07167911529541	-1.2534503936767578
74.51958652585745	-11.80554298311472
86.44834680110216	0.12321729212999344
98.88747798651457	12.5623484775424
90.46618741750717	4.141057908535004
77.66632064431906	-8.65880886465311
78.75320415943861	-7.571925349533558
83.73896235227585	-2.5861671566963196
94.44050412625074	8.115374617278576
84.99909625202417	-1.3260332569479942
88.84991402179003	2.5247845128178596
88.09625367075205	1.7711241617798805
85.27205839008093	-1.0530711188912392
91.34468387812376	5.019554369151592
86.1932791993022	-0.13185030966997147
91.84852509945631	5.523395590484142
81.01678621768951	-5.308343291282654
80.29646465182304	-6.028664857149124
83.14782536774874	-3.1773041412234306
89.12150101363659	2.796371504664421
77.90804536640644	-8.417084142565727
85.2925990819931	-1.032530426979065
92.69366019964218	6.368530690670013
81.45513414591551	-4.86999536305666
82.43397132307291	-3.8911581858992577
90.09890199452639	3.7737724855542183
85.11745424568653	-1.207675263285637
85.31000665575266	-1.0151228532195091
83.23051733523607	-3.0946121737360954
93.13940051198006	6.814271003007889
100.21372225135565	13.88859274238348
90.18587400764227	3.860744498670101
83.44385213404894	-2.881277374923229
88.95132895559072	2.626199446618557
90.73075126856565	4.405621759593487
94.40566416084766	8.080534651875496
92.07542162388563	5.750292114913464
90.7457902804017	4.420660771429539
79.9429047331214	-6.382224775850773
85.08656379580498	-1.2385657131671906
84.21727655827999	-2.107852950692177
79.3191377222538	-7.0059917867183685
80.21063546836376	-6.114494040608406
93.74013717472553	7.415007665753365
77.63568222522736	-8.689447283744812
89.36229383200407	3.0371643230319023
81.22316362708807	-5.101965881884098
82.15440230816603	-4.170727200806141
82.60437821596861	-3.720751293003559
79.27575147897005	-7.049378030002117
91.16058786958456	4.835458360612392
86.6914441138506	0.3663146048784256
93.0487358495593	6.723606340587139
86.30648946762085	-0.01864004135131836
91.00580874085426	4.680679231882095
90.7720510289073	4.446921519935131
91.1886537745595	4.86352426558733
80.84737244993448	-5.477757059037685
89.97684424370527	3.6517147347331047
83.3566322028637	-2.9684973061084747
85.87502958625555	-0.4500999227166176
92.56295192241669	6.237822413444519
91.59243613481522	5.267306625843048
85.97503727674484	-0.35009223222732544
95.0895097181201	8.76438020914793
85.46693871170282	-0.8581907972693443
90.02960443496704	3.704474925994873
94.37830769270658	8.053178183734417
87.88060101866722	1.555471509695053
81.81462572515011	-4.51050378382206
82.94084142893553	-3.38428808003664
79.3295846581459	-6.995544850826263
79.09011963754892	-7.2350098714232445
83.26594073325396	-3.059188775718212
81.61511619389057	-4.710013315081596
75.90088365972042	-10.424245849251747
79.12349150329828	-7.201638005673885
75.85996755957603	-10.465161949396133
81.72443924844265	-4.600690260529518
89.49833295494318	3.173203445971012
91.6477489694953	5.3226194605231285
86.22258454561234	-0.10254496335983276
79.54788120090961	-6.777248308062553
94.09385138005018	7.768721871078014
77.53013955056667	-8.794989958405495
83.47499740868807	-2.8501321002840996
91.95398522168398	5.628855712711811
80.6019011810422	-5.723228327929974
85.25336991995573	-1.0717595890164375
87.84557221084833	1.5204427018761635
87.6296653226018	1.3045358136296272
85.4593074247241	-0.865822084248066
78.03929800540209	-8.28583150357008
80.52203784137964	-5.8030916675925255
78.71497493982315	-7.610154569149017
74.11818733811378	-12.206942170858383
87.2480875402689	0.92295803129673
70.22509780526161	-16.100031703710556
91.43979910761118	5.114669598639011
79.26258333772421	-7.062546171247959
99.11119516938925	12.78606566041708
95.7393450960517	9.414215587079525
90.36908631771803	4.043956808745861
84.46841007471085	-1.856719434261322
84.23585318028927	-2.0892763286828995
89.44461473822594	3.119485229253769
96.17763436585665	9.85250485688448
96.64482662081718	10.319697111845016
89.092583052814	2.767453543841839
95.71552211046219	9.39039260149002
85.83006732165813	-0.4950621873140335
83.70053942501545	-2.6245900839567184
87.64075694233179	1.315627433359623
75.63044784963131	-10.694681659340858
84.69752179086208	-1.6276077181100845
93.71813163906336	7.39300213009119
78.98950757086277	-7.335621938109398
82.29589115083218	-4.029238358139992
88.94807902723551	2.62294951826334
76.78286286443472	-9.542266644537449
98.38498920947313	12.059859700500965
82.46577279269695	-3.859356716275215
84.81958962231874	-1.5055398866534233
89.37005197256804	3.044922463595867
79.11514551192522	-7.2099839970469475
85.98288998752832	-0.34223952144384384
90.63064504414797	4.3055155351758
89.92245928943157	3.597329780459404
88.61838324368	2.2932537347078323
84.83733758330345	-1.4877919256687164
88.31067109107971	1.985541582107544
90.53145166486502	4.206322155892849
82.1318769454956	-4.1932525634765625
92.0915825292468	5.766453020274639
84.90616405010223	-1.418965458869934
80.20637849718332	-6.118751011788845
87.69491462409496	1.369785115122795
94.70151885598898	8.376389347016811
94.30813369899988	7.983004190027714
82.07572870701551	-4.249400801956654
84.60618358105421	-1.7189459279179573
89.25990187376738	2.934772364795208
88.89588022977114	2.5707507207989693
85.21913906186819	-1.1059904471039772
88.462133012712	2.137003503739834
85.88312914967537	-0.4420003592967987
81.01524496823549	-5.309884540736675
93.03827653825283	6.7131470292806625
94.66502432525158	8.339894816279411
79.17488727718592	-7.150242231786251
79.6162917688489	-6.708837740123272
74.36447352170944	-11.960655987262726
87.02972748875618	0.7045979797840118
95.77902945876122	9.453899949789047
88.84648052603006	2.5213510170578957
82.51554773747921	-3.809581771492958
88.4077894538641	2.0826599448919296
89.75677593052387	3.4316464215517044
85.33718138933182	-0.9879481196403503
99.43017409741879	13.105044588446617
79.94922354072332	-6.375905968248844
89.62766274064779	3.302533231675625
86.60800527781248	0.28287576884031296
87.99719766527414	1.6720681563019753
93.14026253670454	6.815133027732372
89.96227491647005	3.637145407497883
95.82496850192547	9.4998389929533
82.40886274725199	-3.9162667617201805
88.93739560246468	2.612266093492508
83.17562891542912	-3.1495005935430527
91.45630106329918	5.131171554327011
86.96368885040283	0.6385593414306641
102.13622264564037	15.811093136668205
72.92022612690926	-13.404903382062912
77.87415584176779	-8.45097366720438
84.10869141668081	-2.216438092291355
80.94460358470678	-5.380525924265385
77.57500077039003	-8.750128738582134
82.7861374989152	-3.5389920100569725
91.65040822327137	5.325278714299202
80.05776943266392	-6.26736007630825
85.41043181717396	-0.9146976917982101
88.40774751454592	2.0826180055737495
91.58013131469488	5.2550018057227135
89.78253754973412	3.4574080407619476
88.41996895521879	2.094839446246624
81.96300028264523	-4.362129226326942
93.0219598710537	6.696830362081528
77.6139764264226	-8.711153082549572
83.03234071284533	-3.2927887961268425
85.18410329520702	-1.1410262137651443
82.72837819159031	-3.596751317381859
87.05214273929596	0.7270132303237915
84.67577015608549	-1.6493593528866768
88.85729061812162	2.532161109149456
86.53222161531448	0.20709210634231567
81.39926424622536	-4.925865262746811
89.39464655518532	3.06951704621315
84.43063148111105	-1.8944980278611183
76.022122181952	-10.303007327020168
91.76723759621382	5.44210808724165
80.81144332885742	-5.513686180114746
83.36102359741926	-2.964105911552906
94.73463378846645	8.409504279494286
82.28785689920187	-4.037272609770298
84.0789358690381	-2.246193639934063
87.13775993138552	0.8126304224133492
81.30339301377535	-5.021736495196819
90.97640530019999	4.6512757912278175
103.21494264900684	16.889813140034676
96.46072176098824	10.135592252016068
88.56052280962467	2.235393300652504
87.57897485047579	1.2538453415036201
86.57971814274788	0.25458863377571106
83.45310172438622	-2.8720277845859528
84.20222701877356	-2.122902490198612
99.48402548581362	13.15889597684145
93.04960742592812	6.724477916955948
90.01898445934057	3.6938549503684044
81.94816505908966	-4.376964449882507
84.30552916228771	-2.019600346684456
86.37788943946362	0.05275993049144745
80.52215089648962	-5.802978612482548
80.93356914073229	-5.39156036823988
76.78139163553715	-9.54373787343502
81.63545532524586	-4.689674183726311
84.95467556267977	-1.3704539462924004
87.85182695090771	1.5266974419355392
94.46588622778654	8.140756718814373
81.50266474485397	-4.822464764118195
81.2413484081626	-5.083781100809574
86.82618156075478	0.501052051782608
88.32772939652205	2.002599887549877
84.49556459486485	-1.8295649141073227
81.51036167889833	-4.8147678300738335
82.54293356835842	-3.7821959406137466
90.31741427630186	3.992284767329693
100.69330191612244	14.368172407150269
96.38820814341307	10.063078634440899
86.17388294637203	-0.1512465626001358
83.28261154145002	-3.0425179675221443
88.51581487059593	2.190685361623764
96.6627429947257	10.337613485753536
84.08200835436583	-2.2431211546063423
90.30986464768648	3.9847351387143135
87.06567861139774	0.7405491024255753
92.29433365166187	5.969204142689705
86.11306399852037	-0.21206551045179367
97.12403132766485	10.798901818692684
85.12469584494829	-1.2004336640238762
99.05278280377388	12.727653294801712
86.26434913277626	-0.06078037619590759
82.60889338701963	-3.7162361219525337
75.02334792166948	-11.301781587302685
83.11353993415833	-3.2115895748138428
87.29817660152912	0.9730470925569534
89.85601180791855	3.5308822989463806
80.87602490186691	-5.449104607105255
71.93732535839081	-14.38780415058136
94.69082217663527	8.365692667663097
78.74497146904469	-7.580158039927483
89.17446939647198	2.8493398874998093
77.8417574390769	-8.483372069895267
83.99080491065979	-2.334324598312378
85.13407129794359	-1.191058211028576
95.35000783205032	9.024878323078156
94.15378076583147	7.8286512568593025
95.65689364820719	9.33176413923502
82.95870114117861	-3.36642836779356
84.31751292198896	-2.007616586983204
76.88003694266081	-9.44509256631136
95.25022641569376	8.925096906721592
91.2946158722043	4.969486363232136
84.28428376466036	-2.0408457443118095
88.88840388506651	2.5632743760943413
81.44955396652222	-4.875575542449951
87.05960266292095	0.7344731539487839
86.17969065904617	-0.14543884992599487
80.17298299819231	-6.152146510779858
82.70199796557426	-3.6231315433979034
75.57488284260035	-10.750246666371822
90.71658154577017	4.391452036798
94.4851168692112	8.159987360239029
90.77850237488747	4.4533728659152985
84.71281430125237	-1.6123152077198029
88.30843606591225	1.9833065569400787
82.07925863564014	-4.245870873332024
73.56056670099497	-12.7645628079772
88.88086711615324	2.5557376071810722
93.31434220075607	6.989212691783905
85.68853235989809	-0.6365971490740776
78.9617016389966	-7.363427869975567
95.32277067750692	8.997641168534756
86.98990777134895	0.6647782623767853
95.20724280923605	8.882113300263882
78.27234227955341	-8.052787229418755
102.02811297774315	15.70298346877098
82.72000385820866	-3.6051256507635117
83.56356360018253	-2.7615659087896347
91.20066139101982	4.875531882047653
88.33419315516949	2.009063646197319
91.32949239760637	5.004362888634205
79.98907751590014	-6.336051993072033
88.37871243059635	2.0535829216241837
84.04582788795233	-2.2793016210198402
87.35725321620703	1.0321237072348595
69.26744151115417	-17.057687997817993
74.2743333503604	-12.050796158611774
83.52081353217363	-2.8043159767985344
82.06205970793962	-4.263069801032543
78.7207822278142	-7.60434728115797
80.26734436303377	-6.0577851459383965
92.8281012326479	6.502971723675728
90.41724000871181	4.092110499739647
79.59298288077116	-6.732146628201008
83.71037301421165	-2.6147564947605133
94.4862249866128	8.161095477640629
94.29020173847675	7.965072229504585
80.84139483422041	-5.483734674751759
86.40580588579178	0.0806763768196106
88.47602274268866	2.150893233716488
90.76098042726517	4.435850918292999
93.87897961586714	7.55385010689497
80.62938089668751	-5.69574861228466
83.37269069999456	-2.952438808977604
81.0266475379467	-5.298481971025467
83.40504438430071	-2.920085124671459
75.93166103959084	-10.393468469381332
88.1297136247158	1.804584115743637
97.97325425595045	11.648124746978283
93.68093033134937	7.355800822377205
85.70092360675335	-0.6242059022188187
89.66972477734089	3.344595268368721
86.14857228845358	-0.17655722051858902
86.85072948038578	0.5255999714136124
91.50587277114391	5.180743262171745
85.93822209537029	-0.3869074136018753
83.09579838067293	-3.2293311282992363
92.63458901643753	6.3094595074653625
76.94909969717264	-9.376029811799526
90.58229786157608	4.257168352603912
92.2705702856183	5.945440776646137
92.95679647475481	6.631666965782642
78.01172724366188	-8.313402265310287
90.49933553487062	4.174206025898457
77.8753050416708	-8.449824467301369
89.19403291493654	2.8689034059643745
88.14564494788647	1.820515438914299
84.49487476050854	-1.8302547484636307
87.31699875742197	0.9918692484498024
73.12408899515867	-13.201040513813496
82.8268685117364	-3.498260997235775
76.28962662816048	-10.035502880811691
82.6611027866602	-3.6640267223119736
98.48833295702934	12.163203448057175
79.42675089091063	-6.8983786180615425
84.07412292808294	-2.251006580889225
97.75830139219761	11.433171883225441
84.5503498762846	-1.7747796326875687
88.4275689125061	2.1024394035339355
82.61802922934294	-3.7071002796292305
86.20159500837326	-0.12353450059890747
90.99867261201143	4.673543103039265
80.64194957911968	-5.683179929852486
86.79172628372908	0.4665967747569084
89.42452294379473	3.0993934348225594
83.27707963436842	-3.0480498746037483
94.38233295828104	8.057203449308872
82.77191416919231	-3.553215339779854
87.4523764103651	1.1272469013929367
99.18127635866404	12.856146849691868
93.46316742151976	7.138037912547588
85.58444903045893	-0.7406804785132408
80.8051345422864	-5.519994966685772
87.32975441217422	1.0046249032020569
96.0429090037942	9.717779494822025
85.54515402764082	-0.7799754813313484
87.20114532858133	0.8760158196091652
85.45029234141111	-0.8748371675610542
88.00514876842499	1.6800192594528198
92.9753252863884	6.650195777416229
85.32243434339762	-1.0026951655745506
84.37914826720953	-1.945981241762638
82.0119586661458	-4.313170842826366
84.59101451933384	-1.7341149896383286
92.66963415592909	6.344504646956921
90.81536938995123	4.490239880979061
81.1790187060833	-5.14611080288887
90.36238534748554	4.037255838513374
84.83387888222933	-1.4912506267428398
88.52651328593493	2.201383776962757
96.35799045860767	10.032860949635506
90.81090459227562	4.4857750833034515
88.29078061878681	1.9656511098146439
95.2336875796318	8.908558070659637
96.314058765769	9.988929256796837
91.40321109443903	5.078081585466862
90.53879045695066	4.2136609479784966
88.54228855669498	2.2171590477228165
82.43615517765284	-3.888974331319332
93.93675577640533	7.6116262674331665
76.30293484032154	-10.022194668650627
87.00964992493391	0.6845204159617424
78.59840985387564	-7.726719655096531
84.39543380588293	-1.9296957030892372
94.07112258672714	7.745993077754974
85.66015159338713	-0.664977915585041
83.23822752386332	-3.0869019851088524
81.07405787706375	-5.251071631908417
83.36191577464342	-2.963213734328747
82.33967581391335	-3.9854536950588226
95.45012935996056	9.124999850988388
91.41966489702463	5.0945353880524635
84.18445035815239	-2.1406791508197784
85.19715087115765	-1.1279786378145218
80.14217915385962	-6.182950355112553
86.74146892875433	0.4163394197821617
85.4204974770546	-0.904632031917572
100.90870566666126	14.583576157689095
76.5713263452053	-9.753803163766861
93.97351943701506	7.648389928042889
91.4776933118701	5.15256380289793
82.67939219623804	-3.645737312734127
81.40366116911173	-4.921468339860439
97.15785401314497	10.832724504172802
88.52400694042444	2.1988774314522743
87.2710822224617	0.9459527134895325
79.46783516556025	-6.8572943434119225
77.84599231183529	-8.479137197136879
86.36749302595854	0.04236351698637009
89.12376689910889	2.7986373901367188
87.54827736318111	1.2231478542089462
90.66729121655226	4.34216170758009
89.55245558917522	3.2273260802030563
93.08339860290289	6.758269093930721
82.78720530867577	-3.537924200296402
90.62392163276672	4.298792123794556
88.4917390793562	2.1666095703840256
