Ea=94.26584500074387	delta_Ea
95.92091927677393	1.6550742760300636
99.05872306227684	4.792878061532974
98.26216851174831	3.996323511004448
99.48406738042831	5.218222379684448
86.94266651570797	-7.323178485035896
93.98730978369713	-0.27853521704673767
83.4450053870678	-10.820839613676071
88.3124114125967	-5.953433588147163
89.94027411937714	-4.32557088136673
83.72749013453722	-10.538354866206646
98.3274866193533	4.061641618609428
96.6179443821311	2.3520993813872337
83.78536661714315	-10.480478383600712
96.3717679977417	2.1059229969978333
93.19465021789074	-1.0711947828531265
97.05820639431477	2.7923613935709
88.19202130287886	-6.073823697865009
96.26364838331938	1.997803382575512
84.7508701607585	-9.51497483998537
82.70552206784487	-11.560322932898998
97.36445789039135	3.098612889647484
93.29269265383482	-0.9731523469090462
91.9531049579382	-2.3127400428056717
85.85516791045666	-8.410677090287209
99.90264071524143	5.636795714497566
93.35943619906902	-0.9064088016748428
105.63833097368479	11.372485972940922
94.36093270778656	0.09508770704269409
94.78514142334461	0.5192964226007462
98.89732606709003	4.6314810663461685
99.51726431399584	5.251419313251972
96.7215907946229	2.455745793879032
94.56175296753645	0.29590796679258347
95.03732322901487	0.7714782282710075
90.13940733671188	-4.126437664031982
88.99883829802275	-5.267006702721119
88.30371338874102	-5.96213161200285
99.53843570500612	5.272590704262257
88.30074071139097	-5.965104289352894
84.70836780965328	-9.557477191090584
104.22502563148737	9.959180630743504
93.05708516389132	-1.2087598368525505
89.61445223540068	-4.651392765343189
97.85475312173367	3.5889081209897995
95.6745247617364	1.408679760992527
86.53425762802362	-7.7315873727202415
94.94184224307537	0.6759972423315048
100.06365979462862	5.797814793884754
89.4917436093092	-4.7741013914346695
100.01133269071579	5.745487689971924
101.94317764788866	7.6773326471447945
90.03051087260246	-4.235334128141403
94.32007464021444	0.05422963947057724
91.7047086507082	-2.5611363500356674
98.2822395414114	4.016394540667534
96.7956427782774	2.529797777533531
96.91517620533705	2.6493312045931816
105.17587022483349	10.910025224089622
100.16526304930449	5.899418048560619
96.77047330141068	2.504628300666809
109.73769697546959	15.471851974725723
95.69009481370449	1.4242498129606247
85.64608477056026	-8.619760230183601
90.2689066529274	-3.9969383478164673
90.97442871332169	-3.29141628742218
91.48788947612047	-2.777955524623394
81.82613898813725	-12.43970601260662
91.1770362406969	-3.088808760046959
89.14832276850939	-5.117522232234478
87.868238247931	-6.397606752812862
97.44481918215752	3.1789741814136505
99.1517316326499	4.885886631906033
97.95841769129038	3.6925726905465126
94.57945901155472	0.31361401081085205
85.61324574798346	-8.65259925276041
94.59248629957438	0.3266412988305092
92.03852453827858	-2.2273204624652863
96.46523537486792	2.19939037412405
90.32827394455671	-3.937571056187153
101.12906908243895	6.86322408169508
91.38188479095697	-2.883960209786892
92.21215905994177	-2.0536859408020973
89.53233251720667	-4.733512483537197
99.69098887592554	5.425143875181675
99.48184059560299	5.215995594859123
90.82053929567337	-3.4453057050704956
103.85565842688084	9.58981342613697
100.3453214392066	6.079476438462734
91.81104432046413	-2.4548006802797318
89.530806645751	-4.7350383549928665
92.84200400859118	-1.4238409921526909
106.21818204969168	11.952337048947811
85.10542093217373	-9.160424068570137
93.28526881337166	-0.9805761873722076
100.33376555889845	6.067920558154583
89.42682506144047	-4.839019939303398
97.85496123880148	3.5891162380576134
101.29009644687176	7.0242514461278915
99.7455592006445	5.479714199900627
93.33099629729986	-0.9348487034440041
94.50707395374775	0.24122895300388336
94.20841808617115	-0.05742691457271576
96.73859603703022	2.472751036286354
89.42238545417786	-4.8434595465660095
102.75250218063593	8.486657179892063
87.39449051767588	-6.871354483067989
91.19912992417812	-3.0667150765657425
96.29954255372286	2.0336975529789925
84.30727171897888	-9.958573281764984
95.8478230535984	1.581978052854538
86.89496160298586	-7.370883397758007
102.63907351344824	8.373228512704372
92.73838632553816	-1.5274586752057076
98.23793033510447	3.9720853343605995
96.591701798141	2.3258567973971367
94.7506141513586	0.48476915061473846
89.52629049122334	-4.739554509520531
89.78809153288603	-4.477753467857838
94.32560043036938	0.05975542962551117
93.9165191873908	-0.3493258133530617
93.07610875368118	-1.189736247062683
94.30186464637518	0.036019645631313324
93.33715973049402	-0.9286852702498436
101.07493811100721	6.809093110263348
84.29124939441681	-9.974595606327057
88.77518209815025	-5.490662902593613
93.09995071589947	-1.1658942848443985
90.73665689677	-3.5291881039738655
99.7066048309207	5.44075983017683
101.72671299427748	7.460867993533611
94.86523219943047	0.5993871986865997
103.12277190387249	8.856926903128624
87.05627097189426	-7.209574028849602
85.7992309704423	-8.466614030301571
104.96259351074696	10.69674851000309
88.36941693723202	-5.8964280635118484
77.67127150297165	-16.594573497772217
89.87079326063395	-4.3950517401099205
88.91808222234249	-5.347762778401375
87.51449348777533	-6.75135151296854
91.85780940204859	-2.408035598695278
91.26987542957067	-2.995969571173191
89.50749070197344	-4.758354298770428
89.7491026520729	-4.5167423486709595
92.6985852047801	-1.5672597959637642
88.92432744801044	-5.341517552733421
91.98470152169466	-2.281143479049206
102.58370359241962	8.317858591675758
85.11023021489382	-9.155614785850048
95.784846521914	1.5190015211701393
89.1440010368824	-5.1218439638614655
98.64325262606144	4.3774076253175735
92.2626751512289	-2.0031698495149612
92.65423026680946	-1.6116147339344025
79.91016975045204	-14.355675250291824
87.63827259093523	-6.627572409808636
86.09822548180819	-8.16761951893568
80.32977979630232	-13.936065204441547
88.65220745652914	-5.6136375442147255
99.32596952468157	5.060124523937702
88.46649009734392	-5.799354903399944
89.37195975333452	-4.893885247409344
96.77755977958441	2.511714778840542
92.64807890355587	-1.617766097187996
100.80451507866383	6.53867007791996
88.05703005194664	-6.208814948797226
88.82565255463123	-5.440192446112633
93.23677641898394	-1.0290685817599297
89.91623451560736	-4.349610485136509
97.03897804021835	2.7731330394744873
99.99969423562288	5.733849234879017
100.86549834907055	6.599653348326683
89.42484205961227	-4.841002941131592
90.56534519791603	-3.700499802827835
106.70709786564112	12.441252864897251
95.33985491096973	1.0740099102258682
90.08261778205633	-4.183227218687534
99.40484333783388	5.138998337090015
103.51094427704811	9.245099276304245
97.20958476513624	2.943739764392376
95.7839275225997	1.5180825218558311
96.30577152222395	2.0399265214800835
98.77434914559126	4.508504144847393
99.26738652586937	5.0015415251255035
89.27537605166435	-4.9904689490795135
99.46178399771452	5.1959389969706535
90.0970534235239	-4.168791577219963
90.87430379539728	-3.3915412053465843
95.9846445247531	1.7187995240092278
82.99991775304079	-11.265927247703075
101.26683862507343	7.000993624329567
73.51062026619911	-20.755224734544754
92.42071007192135	-1.8451349288225174
97.1876758262515	2.921830825507641
87.65260973572731	-6.613235265016556
80.49969071894884	-13.766154281795025
99.91121362149715	5.645368620753288
94.82126079499722	0.5554157942533493
100.91594715416431	6.650102153420448
94.37344734370708	0.10760234296321869
95.55057784169912	1.2847328409552574
92.5579724162817	-1.7078725844621658
96.96179709583521	2.695952095091343
99.82009510695934	5.554250106215477
94.60872253030539	0.3428775295615196
92.9172758385539	-1.3485691621899605
105.98807185143232	11.722226850688457
95.77565806359053	1.5098130628466606
90.91019117087126	-3.355653829872608
93.31953155249357	-0.9463134482502937
87.51374895870686	-6.75209604203701
94.94930375367403	0.6834587529301643
92.94660402834415	-1.3192409723997116
96.955298230052	2.6894532293081284
93.86104337871075	-0.4048016220331192
102.04249283671379	7.776647835969925
95.6725085452199	1.4066635444760323
99.54942310601473	5.283578105270863
91.51503790915012	-2.7508070915937424
91.53878428041935	-2.7270607203245163
92.8708254173398	-1.3950195834040642
96.4218420907855	2.1559970900416374
87.45320659130812	-6.812638409435749
99.24953390657902	4.983688905835152
84.12536001205444	-10.140484988689423
93.98427989333868	-0.2815651074051857
92.44826563447714	-1.8175793662667274
99.12539722770452	4.859552226960659
84.41602118313313	-9.84982381761074
99.97284103929996	5.706996038556099
98.40025272965431	4.134407728910446
99.15471398085356	4.888868980109692
89.8945571705699	-4.371287830173969
91.33173704892397	-2.9341079518198967
103.15195105969906	8.886106058955193
96.67442274838686	2.408577747642994
95.15615063160658	0.8903056308627129
97.44009850174189	3.17425350099802
89.54371093958616	-4.722134061157703
95.66062624752522	1.3947812467813492
91.0071468949318	-3.2586981058120728
85.40405289083719	-8.861792109906673
91.09412895143032	-3.1717160493135452
90.31433328986168	-3.951511710882187
96.52489973604679	2.259054735302925
84.01003062725067	-10.255814373493195
103.4393533244729	9.173508323729038
107.25366730242968	12.98782230168581
83.31771676242352	-10.94812823832035
97.7451236397028	3.479278638958931
88.68959982693195	-5.5762451738119125
88.88450699299574	-5.381338007748127
93.99005326628685	-0.275791734457016
98.15888776630163	3.893042765557766
95.43978634476662	1.1739413440227509
93.98239548504353	-0.28344951570034027
91.64728521555662	-2.6185597851872444
106.34124463796616	12.07539963722229
96.38451759517193	2.1186725944280624
98.64025571197271	4.3744107112288475
107.00168492645025	12.735839925706387
91.55689638108015	-2.7089486196637154
93.91273522377014	-0.35310977697372437
99.51406740397215	5.248222403228283
92.53429083526134	-1.731554165482521
90.86488217115402	-3.4009628295898438
100.83293023705482	6.567085236310959
95.54843708872795	1.282592087984085
91.69011735916138	-2.575727641582489
99.98724985867739	5.721404857933521
89.59082789719105	-4.675017103552818
90.48103238642216	-3.7848126143217087
98.59171678125858	4.325871780514717
88.24337897449732	-6.022466026246548
95.08820871263742	0.8223637118935585
83.89053706079721	-10.375307939946651
91.17576915770769	-3.0900758430361748
94.02404052764177	-0.24180447310209274
92.42560715228319	-1.8402378484606743
95.75795066356659	1.4921056628227234
90.19944179058075	-4.0664032101631165
89.5269043147564	-4.7389406859874725
87.40834039449692	-6.857504606246948
96.50218154489994	2.2363365441560745
85.00807847082615	-9.257766529917717
97.63069654256105	3.3648515418171883
102.53486581146717	8.269020810723305
107.29079349339008	13.024948492646217
86.55257410556078	-7.713270895183086
98.10172522813082	3.8358802273869514
83.55597592145205	-10.70986907929182
99.71562431007624	5.449779309332371
95.10603448748589	0.8401894867420197
94.43971340358257	0.17386840283870697
91.25043056160212	-3.0154144391417503
94.00608336925507	-0.25976163148880005
92.53694581240416	-1.7288991883397102
104.40368912369013	10.137844122946262
98.2762156277895	4.010370627045631
86.89772920310497	-7.368115797638893
92.08495540171862	-2.1808895990252495
91.94144216924906	-2.324402831494808
87.5403030961752	-6.725541904568672
104.45754888653755	10.191703885793686
96.78783071041107	2.521985709667206
93.57042088359594	-0.6954241171479225
93.14278876036406	-1.1230562403798103
100.17001885920763	5.904173858463764
83.28358365595341	-10.982261344790459
95.49206866323948	1.226223662495613
89.72415982186794	-4.541685178875923
89.63893907517195	-4.6269059255719185
97.81642693281174	3.550581932067871
95.8331750035286	1.567330002784729
91.75423833727837	-2.5116066634655
97.3888139501214	3.1229689493775368
97.1196380853653	2.8537930846214294
98.21370238810778	3.9478573873639107
94.19201011955738	-0.07383488118648529
100.21266768872738	5.946822687983513
99.7521286085248	5.486283607780933
96.2935134395957	2.0276684388518333
96.51435516774654	2.248510167002678
102.2305233553052	7.964678354561329
87.53820885717869	-6.727636143565178
89.59388310462236	-4.671961896121502
93.47466566413641	-0.7911793366074562
87.50347120314837	-6.762373797595501
86.44990003108978	-7.815944969654083
92.49319125711918	-1.7726537436246872
84.3085185661912	-9.95732643455267
93.67040308564901	-0.5954419150948524
86.24224823713303	-8.02359676361084
92.96207493543625	-1.3037700653076172
87.3486658334732	-6.91717916727066
93.76705439388752	-0.49879060685634613
89.75144968926907	-4.5143953114748
92.87167752534151	-1.3941674754023552
96.07406464964151	1.8082196488976479
92.37534988671541	-1.8904951140284538
90.66589145362377	-3.5999535471200943
94.43041294068098	0.16456793993711472
91.49163174629211	-2.7742132544517517
98.07509728521109	3.8092522844672203
90.4583141580224	-3.8075308427214622
87.13428530097008	-7.1315596997737885
93.85285499691963	-0.412990003824234
92.25686127692461	-2.008983723819256
88.61978861689568	-5.64605638384819
95.95561823993921	1.6897732391953468
98.99543137848377	4.729586377739906
97.82699881494045	3.5611538141965866
90.62279748171568	-3.643047519028187
100.48993769288063	6.2240926921367645
92.40551023185253	-1.8603347688913345
82.70554116368294	-11.560303837060928
95.23836257308722	0.9725175723433495
88.04201017320156	-6.223834827542305
98.9253353625536	4.6594903618097305
92.6085302233696	-1.6573147773742676
84.90565190464258	-9.360193096101284
95.73676901310682	1.470924012362957
95.6845754981041	1.4187304973602295
96.22601706534624	1.960172064602375
91.97614832222462	-2.289696678519249
91.978322327137	-2.2875226736068726
93.90217071026564	-0.3636742904782295
97.77771976590157	3.5118747651576996
97.98017952591181	3.714334525167942
88.36045695841312	-5.905388042330742
93.10853663086891	-1.1573083698749542
91.71667917072773	-2.549165830016136
99.63704293221235	5.371197931468487
101.45190046727657	7.186055466532707
94.65803644806147	0.39219144731760025
89.71331258118153	-4.55253241956234
100.71158763766289	6.445742636919022
100.6783437654376	6.412498764693737
90.83178947865963	-3.434055522084236
80.35502631217241	-13.910818688571453
81.88211420923471	-12.383730791509151
91.53109963238239	-2.734745368361473
94.93584530055523	0.6700002998113632
97.10672140866518	2.8408764079213142
85.94113451242447	-8.324710488319397
97.15443563461304	2.888590633869171
97.22982010245323	2.963975101709366
84.11463648080826	-10.151208519935608
92.329680159688	-1.93616484105587
93.20755263417959	-1.0582923665642738
91.12747923284769	-3.1383657678961754
96.80483914166689	2.5389941409230232
95.19694707542658	0.9311020746827126
96.47247966378927	2.2066346630454063
84.54604253172874	-9.719802469015121
94.91297999769449	0.6471349969506264
99.11135149747133	4.845506496727467
94.0609430372715	-0.20490196347236633
91.79146000742912	-2.474384993314743
89.51376045495272	-4.752084545791149
105.64855263382196	11.382707633078098
94.04335444420576	-0.222490556538105
95.91778575628996	1.651940755546093
103.62659788131714	9.360752880573273
89.8462798371911	-4.419565163552761
86.71735361218452	-7.548491388559341
93.1621196269989	-1.1037253737449646
104.07225181907415	9.806406818330288
96.42290163785219	2.157056637108326
86.45110159367323	-7.814743407070637
101.48802933096886	7.222184330224991
88.83141808956861	-5.434426911175251
90.0112909451127	-4.254554055631161
87.88129437714815	-6.384550623595715
85.11987564712763	-9.145969353616238
87.21550210565329	-7.05034289509058
93.52250476181507	-0.7433402389287949
81.20445090532303	-13.061394095420837
108.09569432586432	13.829849325120449
98.1849931254983	3.919148124754429
86.58781157433987	-7.678033426403999
112.22667186707258	17.960826866328716
88.55361638963223	-5.712228611111641
81.99943706393242	-12.266407936811447
87.92657708376646	-6.3392679169774055
92.1890134960413	-2.076831504702568
95.86838621646166	1.6025412157177925
83.95966171473265	-10.306183286011219
81.23964020609856	-13.02620479464531
91.0174573585391	-3.2483876422047615
94.80460610240698	0.5387611016631126
89.4747057184577	-4.791139282286167
91.15824374556541	-3.1076012551784515
100.91521180421114	6.649366803467274
85.80901276320219	-8.456832237541676
100.06980144232512	5.803956441581249
79.05552317202091	-15.210321828722954
92.15295754373074	-2.11288745701313
99.09165550768375	4.825810506939888
87.5141248703003	-6.751720130443573
91.01834131032228	-3.2475036904215813
94.23811466991901	-0.02773033082485199
87.17754144966602	-7.088303551077843
85.63811478763819	-8.627730213105679
86.3633192628622	-7.9025257378816605
97.99754223227501	3.731697231531143
99.34544753283262	5.079602532088757
98.47737916558981	4.2115341648459435
97.75039804726839	3.4845530465245247
89.87894293665886	-4.386902064085007
91.30889492481947	-2.9569500759243965
110.20531459897757	15.9394695982337
99.54942276328802	5.283577762544155
81.83270397037268	-12.43314103037119
94.12042685598135	-0.14541814476251602
101.45714954286814	7.191304542124271
92.7820455133915	-1.4837994873523712
96.27478018403053	2.008935183286667
98.49629633873701	4.230451337993145
93.75833594799042	-0.5075090527534485
99.1611241325736	4.895279131829739
94.95812753587961	0.692282535135746
93.88435815274715	-0.38148684799671173
99.24170708656311	4.975862085819244
91.45932628214359	-2.806518718600273
95.31077230721712	1.0449273064732552
95.57483308762312	1.3089880868792534
93.22444745898247	-1.0413975417613983
107.04997232556343	12.784127324819565
98.24398180097342	3.9781368002295494
93.07801162451506	-1.1878333762288094
88.75815377384424	-5.507691226899624
92.28428015112877	-1.981564849615097
85.26094169914722	-9.004903301596642
88.43305633217096	-5.832788668572903
96.39199434965849	2.1261493489146233
91.47761894017458	-2.7882260605692863
96.58162420988083	2.315779209136963
87.3005750477314	-6.965269953012466
93.77678936719894	-0.4890556335449219
103.80690184980631	9.541056849062443
86.0066344588995	-8.259210541844368
95.22151615470648	0.9556711539626122
87.62607426196337	-6.6397707387804985
95.6804356276989	1.4145906269550323
88.16701792180538	-6.098827078938484
97.93217924237251	3.666334241628647
94.68891659379005	0.42307159304618835
88.73760738223791	-5.528237618505955
92.99626363068819	-1.2695813700556755
94.46425659954548	0.19841159880161285
88.28778217732906	-5.9780628234148026
93.48994924873114	-0.7758957520127296
97.04019518941641	2.7743501886725426
88.50459568947554	-5.76124931126833
82.41763640195131	-11.848208598792553
95.92227239906788	1.6564273983240128
96.49216896295547	2.226323962211609
98.22267308831215	3.956828087568283
109.5811036452651	15.315258644521236
96.31678750365973	2.0509425029158592
93.24979284405708	-1.0160521566867828
91.69810540229082	-2.567739598453045
102.81813127547503	8.55228627473116
94.39019962400198	0.12435462325811386
91.41274947673082	-2.8530955240130424
92.70186268538237	-1.5639823153614998
97.0426403209567	2.776795320212841
93.65191508829594	-0.6139299124479294
87.67186529934406	-6.593979701399803
84.12873264402151	-10.137112356722355
103.26172494888306	8.99587994813919
94.53555405139923	0.269709050655365
100.67349741607904	6.407652415335178
100.38476011157036	6.118915110826492
102.76703825592995	8.501193255186081
89.02608531713486	-5.239759683609009
94.53569087386131	0.2698458731174469
86.78324688971043	-7.48259811103344
94.1867963373661	-0.07904866337776184
95.17295657843351	0.9071115776896477
95.39608177542686	1.1302367746829987
88.35399056226015	-5.911854438483715
92.44655369967222	-1.8192913010716438
93.13770605623722	-1.1281389445066452
90.71288865804672	-3.5529563426971436
103.45361938327551	9.187774382531643
98.43266090005636	4.166815899312496
88.01175367832184	-6.254091322422028
98.54975171387196	4.28390671312809
101.80627578496933	7.540430784225464
98.14482146501541	3.8789764642715454
96.00877875834703	1.7429337576031685
84.41589920222759	-9.849945798516273
101.31732658296824	7.051481582224369
104.06387084722519	9.798025846481323
86.27991891652346	-7.985926084220409
106.79327922314405	12.527434222400188
98.97480875253677	4.708963751792908
95.36919725686312	1.1033522561192513
90.51517852395773	-3.7506664767861366
102.37909296900034	8.113247968256474
99.89190974086523	5.626064740121365
81.6232448592782	-12.642600141465664
87.97575552761555	-6.290089473128319
88.39500484615564	-5.8708401545882225
85.97995913028717	-8.285885870456696
89.72885870188475	-4.536986298859119
98.46904820948839	4.203203208744526
88.14424919337034	-6.121595807373524
87.22346767783165	-7.042377322912216
96.70186561346054	2.436020612716675
98.52554081380367	4.259695813059807
102.75936089456081	8.493515893816948
89.35853799432516	-4.907307006418705
95.15851188451052	0.8926668837666512
102.82818613946438	8.562341138720512
94.3496073782444	0.08376237750053406
103.77421081066132	9.50836580991745
94.58861224353313	0.3227672427892685
85.02293048799038	-9.242914512753487
102.00882668048143	7.742981679737568
84.24050358682871	-10.025341413915157
96.96378637105227	2.697941370308399
99.45750682801008	5.191661827266216
93.2989903613925	-0.966854639351368
96.51630977541208	2.2504647746682167
98.4314566925168	4.165611691772938
93.50228041410446	-0.7635645866394043
98.50086417794228	4.23501917719841
99.79594623297453	5.530101232230663
88.26290868967772	-6.002936311066151
92.8868051469326	-1.379039853811264
74.76800695061684	-19.49783805012703
87.01381143182516	-7.252033568918705
106.19717805832624	11.931333057582378
94.45982682704926	0.1939818263053894
95.27282959967852	1.0069845989346504
100.94547511637211	6.6796301156282425
96.86803543567657	2.6021904349327087
96.4836278706789	2.2177828699350357
91.72062739729881	-2.545217603445053
90.44620253145695	-3.8196424692869186
100.00390903651714	5.738064035773277
91.89666528999805	-2.3691797107458115
92.85542293637991	-1.4104220643639565
97.29261869937181	3.0267736986279488
95.33676977455616	1.070924773812294
96.90331134200096	2.6374663412570953
94.57049999386072	0.3046549931168556
96.84013586491346	2.5742908641695976
100.81531371176243	6.549468711018562
87.72357556968927	-6.542269431054592
104.76642581820488	10.500580817461014
98.60036589205265	4.3345208913087845
98.10865329951048	3.842808298766613
89.65412200242281	-4.611722998321056
89.92889593541622	-4.336949065327644
100.90726141631603	6.641416415572166
95.96506779640913	1.6992227956652641
85.3166609480977	-8.94918405264616
101.1320163756609	6.86617137491703
97.08097799122334	2.8151329904794693
101.66337835788727	7.397533357143402
88.41932409256697	-5.846520908176899
97.55115351080894	3.2853085100650787
94.44197007268667	0.17612507194280624
90.93795429170132	-3.327890709042549
95.49884241819382	1.2329974174499512
91.94077976793051	-2.3250652328133583
78.63370987772942	-15.63213512301445
96.36500199884176	2.0991569980978966
92.94785069674253	-1.3179943040013313
92.94357921928167	-1.3222657814621925
91.24966482073069	-3.01618018001318
88.77332592010498	-5.4925190806388855
87.19237573444843	-7.073469266295433
96.14505043625832	1.87920543551445
89.50817809998989	-4.757666900753975
88.9937003403902	-5.272144660353661
90.65016532689333	-3.6156796738505363
95.49055768549442	1.224712684750557
91.29149389266968	-2.9743511080741882
94.88223232328892	0.6163873225450516
86.54214078933	-7.72370421141386
97.61582946032286	3.349984459578991
87.63571520149708	-6.630129799246788
108.31357945501804	14.047734454274178
103.75444287061691	9.488597869873047
94.23653358221054	-0.029311418533325195
91.87000131607056	-2.3958436846733093
92.51242683827877	-1.7534181624650955
79.4487995877862	-14.817045412957668
86.63262529671192	-7.633219704031944
91.18807823210955	-3.0777667686343193
96.20384698361158	1.9380019828677177
91.7374699562788	-2.528375044465065
99.02253507822752	4.756690077483654
101.35298544168472	7.087140440940857
105.7879623696208	11.522117368876934
87.53151784092188	-6.734327159821987
91.57273983210325	-2.6931051686406136
91.74953897297382	-2.5163060277700424
100.9486891925335	6.682844191789627
96.2071482539177	1.9413032531738281
94.74355014413595	0.47770514339208603
101.08790833503008	6.822063334286213
87.6839462891221	-6.581898711621761
98.32085537910461	4.055010378360748
101.8698900192976	7.604045018553734
90.1050189062953	-4.160826094448566
89.02357759326696	-5.242267407476902
85.76340749114752	-8.502437509596348
93.98035856336355	-0.2854864373803139
89.33528952300549	-4.93055547773838
93.11554871499538	-1.1502962857484818
84.02302461862564	-10.242820382118225
85.54006587713957	-8.725779123604298
96.72505162656307	2.4592066258192062
99.13024044781923	4.864395447075367
92.56131084263325	-1.7045341581106186
95.38623910397291	1.1203941032290459
94.27102878689766	0.005183786153793335
86.95504737645388	-7.3107976242899895
100.28418158739805	6.018336586654186
94.51357477903366	0.24772977828979492
90.81824212521315	-3.4476028755307198
93.1741998270154	-1.091645173728466
94.01859417557716	-0.24725082516670227
91.21987544000149	-3.0459695607423782
103.82174607366323	9.555901072919369
94.6813685297966	0.4155235290527344
97.28431390970945	3.0184689089655876
98.89835841953754	4.632513418793678
101.22478185594082	6.958936855196953
97.55719245225191	3.291347451508045
95.18023873120546	0.9143937304615974
94.91533058136702	0.6494855806231499
99.0390929877758	4.773247987031937
83.10922928899527	-11.1566157117486
95.64189033955336	1.3760453388094902
87.9814987629652	-6.284346237778664
90.19418369978666	-4.071661300957203
85.2868143171072	-8.979030683636665
96.99564450979233	2.729799509048462
89.52520806342363	-4.740636937320232
100.82610215246677	6.560257151722908
95.86234328895807	1.5964982882142067
85.21800412982702	-9.047840870916843
98.46818245947361	4.202337458729744
92.10513852536678	-2.160706475377083
88.73547868430614	-5.530366316437721
92.15627811104059	-2.1095668897032738
98.8803177550435	4.614472754299641
96.64549412578344	2.3796491250395775
81.5158006772399	-12.750044323503971
96.70458480715752	2.4387398064136505
95.29013913869858	1.024294137954712
101.44268696755171	7.176841966807842
91.33469473570585	-2.9311502650380135
100.6297175437212	6.363872542977333
95.81641584634781	1.5505708456039429
94.28946430236101	0.02361930161714554
87.14794531464577	-7.117899686098099
91.6391815841198	-2.626663416624069
86.65663634985685	-7.6092086508870125
93.91887721419334	-0.34696778655052185
88.54525019973516	-5.720594801008701
87.8798144608736	-6.386030539870262
88.5149191096425	-5.75092589110136
94.79059462249279	0.5247496217489243
93.3630827665329	-0.902762234210968
87.54625513404608	-6.719589866697788
93.27716910839081	-0.9886758923530579
99.2546089887619	4.988763988018036
92.78076048195362	-1.485084518790245
86.45005741715431	-7.815787583589554
92.98943942785263	-1.2764055728912354
89.35607665777206	-4.909768342971802
88.19066720455885	-6.075177796185017
88.01354110985994	-6.252303890883923
98.14672616869211	3.880881167948246
93.61174695938826	-0.6540980413556099
89.71476423740387	-4.551080763339996
92.80197145789862	-1.4638735428452492
86.13319729268551	-8.132647708058357
83.46225181221962	-10.803593188524246
97.40555207431316	3.139707073569298
89.1635083258152	-5.102336674928665
104.71732765436172	10.451482653617859
106.29100959002972	12.02516458928585
100.3992774784565	6.133432477712631
92.93373522907495	-1.332109771668911
90.03003579378128	-4.2358092069625854
99.58619537204504	5.320350371301174
80.40610244125128	-13.859742559492588
84.79486936330795	-9.470975637435913
96.57325950264931	2.3074145019054413
100.38894065469503	6.123095653951168
91.41620196402073	-2.849643036723137
100.64627230912447	6.380427308380604
108.6211805716157	14.35533557087183
93.46345644444227	-0.8023885563015938
99.08170326799154	4.815858267247677
90.42530149966478	-3.8405435010790825
100.00933649390936	5.743491493165493
84.77794963866472	-9.487895362079144
77.56292959302664	-16.702915407717228
97.00723757594824	2.7413925752043724
92.67855887115002	-1.5872861295938492
91.4297738969326	-2.836071103811264
105.82030780613422	11.554462805390358
92.50281525403261	-1.7630297467112541
93.35279855132103	-0.9130464494228363
78.51978880167007	-15.746056199073792
82.30396826565266	-11.96187673509121
89.56729974597692	-4.698545254766941
97.8533664047718	3.587521404027939
100.93169091641903	6.665845915675163
95.36055087298155	1.0947058722376823
99.62145060300827	5.355605602264404
96.83482010662556	2.568975105881691
90.9335858002305	-3.332259200513363
88.05433136969805	-6.211513631045818
103.23537565767765	8.969530656933784
93.10321520268917	-1.1626297980546951
95.00203537940979	0.7361903786659241
96.52259802818298	2.2567530274391174
88.69262066483498	-5.57322433590889
102.81661649793386	8.550771497189999
103.53226352483034	9.266418524086475
92.01651764661074	-2.249327354133129
97.47374323755503	3.207898236811161
75.64838797599077	-18.617457024753094
85.27976237237453	-8.986082628369331
96.6518491730094	2.3860041722655296
89.17711924761534	-5.088725753128529
93.65996753424406	-0.6058774664998055
108.3589544147253	14.093109413981438
94.66027932614088	0.3944343253970146
103.534120246768	9.268275246024132
97.05436804145575	2.7885230407118797
107.3457348793745	13.079889878630638
94.87007359415293	0.6042285934090614
88.62191481888294	-5.643930181860924
92.9446326866746	-1.321212314069271
98.69741244614124	4.431567445397377
90.04788906127214	-4.217955939471722
101.74591986835003	7.480074867606163
84.5002922564745	-9.765552744269371
84.2055558860302	-10.060289114713669
97.38155075162649	3.1157057508826256
101.0435848236084	6.7777398228645325
101.26708456873894	7.001239567995071
90.2671320810914	-3.998712919652462
91.67432262003422	-2.591522380709648
89.08087976276875	-5.1849652379751205
92.95198738574982	-1.313857614994049
92.3361430093646	-1.929701991379261
100.92974124848843	6.66389624774456
94.34122819453478	0.07538319379091263
80.83561941236258	-13.43022558838129
84.68547946214676	-9.580365538597107
88.11638912558556	-6.14945587515831
92.86498147249222	-1.400863528251648
91.80666568875313	-2.459179311990738
105.18314934521914	10.91730434447527
91.0387119576335	-3.2271330431103706
93.70057506859303	-0.5652699321508408
97.81574685871601	3.549901857972145
93.40804663300514	-0.8577983677387238
92.84327244758606	-1.4225725531578064
91.46369587630033	-2.802149124443531
83.75528622418642	-10.510558776557446
94.27385431528091	0.00800931453704834
87.38275341689587	-6.883091583848
93.1648256778717	-1.1010193228721619
85.06015454977751	-9.205690450966358
88.49230863898993	-5.773536361753941
96.57979982346296	2.313954822719097
98.52447058260441	4.258625581860542
90.73808141052723	-3.5277635902166367
96.87607278674841	2.6102277860045433
89.37499559670687	-4.890849404036999
86.13013204187155	-8.135712958872318
91.66031097620726	-2.6055340245366096
84.34353710711002	-9.922307893633842
93.48730607330799	-0.7785389274358749
83.5214332640171	-10.74441173672676
92.82976113259792	-1.4360838681459427
93.89978424459696	-0.3660607561469078
104.57103578001261	10.305190779268742
96.88920767605305	2.623362675309181
89.72071051597595	-4.545134484767914
84.81225293129683	-9.45359206944704
100.74684206396341	6.480997063219547
94.73184972256422	0.46600472182035446
103.19367515295744	8.927830152213573
98.08043456822634	3.8145895674824715
93.97955046594143	-0.28629453480243683
93.8750074505806	-0.39083755016326904
87.56627736985683	-6.6995676308870316
92.26642850786448	-1.9994164928793907
95.16183897852898	0.8959939777851105
98.88636587560177	4.6205208748579025
95.32052376121283	1.0546787604689598
95.49989948421717	1.234054483473301
94.87678334861994	0.6109383478760719
85.99393065273762	-8.271914348006248
98.84829000383615	4.582445003092289
99.90319745987654	5.637352459132671
91.69772879034281	-2.568116210401058
93.00732636451721	-1.258518636226654
88.55531638115644	-5.710528619587421
95.1236170604825	0.857772059738636
102.49009428918362	8.22424928843975
104.22666662931442	9.960821628570557
89.40181825309992	-4.864026747643948
87.5858994871378	-6.6799455136060715
96.42010639607906	2.1542613953351974
96.60651434212923	2.3406693413853645
96.5970701649785	2.331225164234638
99.48013079166412	5.214285790920258
101.43955010920763	7.173705108463764
95.86863075941801	1.6027857586741447
94.53139932453632	0.2655543237924576
101.04806350916624	6.782218508422375
95.4996542185545	1.2338092178106308
84.08656709641218	-10.179277904331684
96.87400978803635	2.6081647872924805
92.91232711076736	-1.3535178899765015
92.02720491588116	-2.238640084862709
98.08982972055674	3.82398471981287
83.26861047744751	-10.997234523296356
104.82120060920715	10.555355608463287
94.80331128835678	0.537466287612915
83.79442486166954	-10.471420139074326
91.93932395428419	-2.326521046459675
87.53248061984777	-6.7333643808960915
94.4699377194047	0.20409271866083145
96.92988050729036	2.6640355065464973
109.73888898640871	15.473043985664845
85.65581417828798	-8.610030822455883
91.43431459367275	-2.8315304070711136
93.41809680312872	-0.8477481976151466
93.64812742173672	-0.6177175790071487
86.63221319764853	-7.633631803095341
86.73134159296751	-7.534503407776356
94.4671360552311	0.2012910544872284
91.07749746739864	-3.1883475333452225
95.67156365513802	1.4057186543941498
92.00351279228926	-2.262332208454609
91.52079449594021	-2.7450505048036575
106.53246852755547	12.2666235268116
100.8226131722331	6.556768171489239
84.85875967144966	-9.407085329294205
84.21167270839214	-10.054172292351723
96.96967495977879	2.7038299590349197
91.68406913429499	-2.5817758664488792
84.6369279101491	-9.628917090594769
93.98744654655457	-0.27839845418930054
86.06632286310196	-8.199522137641907
89.17615184932947	-5.089693151414394
99.79338504374027	5.5275400429964066
99.00480902940035	4.738964028656483
92.29836930334568	-1.9674756973981857
93.61029921472073	-0.65554578602314
100.28230753540993	6.016462534666061
101.63636818528175	7.370523184537888
91.14031276851892	-3.1255322322249413
96.48216581344604	2.216320812702179
91.48591569066048	-2.7799293100833893
90.31215376406908	-3.9536912366747856
84.07910316437483	-10.186741836369038
103.37662015855312	9.110775157809258
88.97718612104654	-5.288658879697323
103.08943914622068	8.823594145476818
95.22039555758238	0.9545505568385124
89.13004226982594	-5.135802730917931
98.79117527604103	4.525330275297165
83.11073787510395	-11.155107125639915
92.66421149671078	-1.6016335040330887
84.70937293022871	-9.556472070515156
90.07394570112228	-4.191899299621582
97.93572495877743	3.6698799580335617
94.41974976658821	0.1539047658443451
90.89790745824575	-3.3679375424981117
97.19427667558193	2.928431674838066
89.84050177037716	-4.425343230366707
93.52584683150053	-0.7399981692433357
100.93022932112217	6.6643843203783035
94.8674341738224	0.601589173078537
91.45531126111746	-2.8105337396264076
91.72884161770344	-2.537003383040428
102.08212104439735	7.816276043653488
100.20854628831148	5.9427012875676155
98.48418547213078	4.2183404713869095
97.72297665476799	3.457131654024124
96.82251217216253	2.556667171418667
98.36402294039726	4.098177939653397
96.43350451439619	2.1676595136523247
105.83568353205919	11.569838531315327
103.22548791766167	8.959642916917801
92.81114065647125	-1.4547043442726135
100.03320641070604	5.767361409962177
97.79229418188334	3.526449181139469
102.70765946805477	8.441814467310905
90.63017424196005	-3.6356707587838173
87.11152544617653	-7.154319554567337
100.4486689940095	6.182823993265629
81.18218695372343	-13.083658047020435
94.99859940260649	0.7327544018626213
94.13998357951641	-0.12586142122745514
103.41148485988379	9.14563985913992
86.07921144366264	-8.186633557081223
95.79220808297396	1.526363082230091
94.98594262450933	0.7200976237654686
95.87261225283146	1.606767252087593
98.5382955595851	4.2724505588412285
98.28615889698267	4.020313896238804
97.68792836368084	3.4220833629369736
90.52098692953587	-3.744858071208
93.31991185247898	-0.945933148264885
91.57470090687275	-2.6911440938711166
90.61973213404417	-3.6461128666996956
98.59481063485146	4.32896563410759
94.15855448693037	-0.10729051381349564
93.02074383199215	-1.2451011687517166
98.47384149581194	4.207996495068073
95.60423390567303	1.338388904929161
95.44270500540733	1.1768600046634674
101.6285823956132	7.3627373948693275
95.4189263433218	1.1530813425779343
99.98230156302452	5.716456562280655
95.08193535357714	0.816090352833271
88.0758910626173	-6.189953938126564
104.09139373153448	9.825548730790615
102.51861155033112	8.25276654958725
89.11157425493002	-5.154270745813847
90.94079112261534	-3.3250538781285286
91.20873712748289	-3.057107873260975
106.75888568162918	12.493040680885315
99.23712165653706	4.97127665579319
90.91281600296497	-3.3530289977788925
94.0014880001545	-0.2643570005893707
92.77938187867403	-1.4864631220698357
100.31685427576303	6.051009275019169
87.6293056383729	-6.636539362370968
91.41649454832077	-2.8493504524230957
90.34815309941769	-3.9176919013261795
94.11367293447256	-0.15217206627130508
89.55754194408655	-4.708303056657314
85.21536767482758	-9.05047732591629
98.85023421794176	4.584389217197895
86.97777684777975	-7.288068152964115
95.05550120025873	0.7896561995148659
93.47710430622101	-0.7887406945228577
102.81245417147875	8.546609170734882
91.88647327572107	-2.379371725022793
89.15044704824686	-5.1153979524970055
84.7977632433176	-9.468081757426262
96.269320897758	2.003475897014141
87.43961346149445	-6.82623153924942
96.26582017540932	1.999975174665451
97.38969445973635	3.1238494589924812
96.05012086033821	1.784275859594345
88.23855917155743	-6.0272858291864395
94.12996882200241	-0.13587617874145508
103.19788457453251	8.932039573788643
93.22350162267685	-1.0423433780670166
101.9835105612874	7.717665560543537
92.96875639259815	-1.2970886081457138
88.24000427871943	-6.025840722024441
100.4914614930749	6.225616492331028
97.98628704994917	3.720442049205303
102.30239527672529	8.036550275981426
98.40795427560806	4.142109274864197
91.07927376776934	-3.1865712329745293
96.05165155231953	1.7858065515756607
85.5614386498928	-8.704406350851059
100.18243150413036	5.9165865033864975
92.6249740794301	-1.6408709213137627
93.80351171642542	-0.4623332843184471
91.83390761911869	-2.4319373816251755
91.14634327590466	-3.1195017248392105
87.58403073996305	-6.681814260780811
78.06496395915747	-16.2008810415864
87.68026628345251	-6.585578717291355
98.72007889300585	4.454233892261982
103.0291044190526	8.763259418308735
95.73042295873165	1.4645779579877853
95.78269749134779	1.5168524906039238
103.48498114198446	9.219136141240597
89.85903749614954	-4.406807504594326
81.695995002985	-12.569849997758865
97.17986215651035	2.914017155766487
84.0008140206337	-10.265030980110168
88.47162130475044	-5.7942236959934235
95.85449192672968	1.5886469259858131
90.43785070627928	-3.827994294464588
83.50661689788103	-10.759228102862835
81.36279317736626	-12.90305182337761
86.85090745985508	-7.414937540888786
97.52342971414328	3.2575847133994102
96.22608832269907	1.960243321955204
96.24835030734539	1.9825053066015244
94.15728531777859	-0.10855968296527863
86.35182226449251	-7.914022736251354
104.13742949068546	9.871584489941597
91.93878806382418	-2.327056936919689
94.02953617274761	-0.23630882799625397
95.64130882173777	1.3754638209939003
94.77279478311539	0.506949782371521
78.88371488451958	-15.382130116224289
98.10264448076487	3.836799480021
88.43777591735125	-5.82806908339262
79.27438279241323	-14.991462208330631
87.93872548639774	-6.327119514346123
100.16303415596485	5.897189155220985
98.91994858533144	4.654103584587574
84.58598386496305	-9.679861135780811
92.61138893663883	-1.6544560641050339
101.10879471898079	6.842949718236923
91.45891968160868	-2.806925319135189
91.21791246533394	-3.0479325354099274
92.73403394967318	-1.5318110510706902
96.74126095324755	2.475415952503681
98.24250765144825	3.976662650704384
93.35621480643749	-0.9096301943063736
100.1522328555584	5.886387854814529
92.74696934968233	-1.5188756510615349
99.67732405662537	5.4114790558815
85.8838241994381	-8.38202080130577
88.44947096705437	-5.816374033689499
88.40970263630152	-5.8561423644423485
95.6304512321949	1.3646062314510345
100.73789931833744	6.4720543175935745
96.74403402209282	2.4781890213489532
92.18635246902704	-2.0794925317168236
85.83245568722486	-8.433389313519001
89.62538062781096	-4.640464372932911
89.13462645560503	-5.131218545138836
85.74787164479494	-8.517973355948925
91.39820186048746	-2.867643140256405
97.41095709055662	3.1451120898127556
95.3392863124609	1.0734413117170334
92.98769956082106	-1.2781454399228096
92.34589956700802	-1.9199454337358475
94.7941914126277	0.528346411883831
94.11871369183064	-0.1471313089132309
92.92471208423376	-1.3411329165101051
92.6630775257945	-1.60276747494936
98.60067359358072	4.334828592836857
90.96211829781532	-3.303726702928543
93.55745529383421	-0.7083897069096565
88.33797743171453	-5.927867569029331
94.36063072830439	0.09478572756052017
88.77504451572895	-5.4908004850149155
93.44464413076639	-0.8212008699774742
94.39827348291874	0.13242848217487335
105.2596440538764	10.993799053132534
101.1501295492053	6.884284548461437
93.7166753783822	-0.54916962236166
95.38242870569229	1.1165837049484253
100.06452425569296	5.798679254949093
100.3571083471179	6.091263346374035
92.85968043655157	-1.406164564192295
80.84095056355	-13.42489443719387
89.63054905086756	-4.635295949876308
91.12725034356117	-3.1385946571826935
97.45379349589348	3.1879484951496124
92.57693453878164	-1.688910461962223
97.624431848526	3.358586847782135
99.126295350492	4.860450349748135
89.80110955238342	-4.464735448360443
95.90713683515787	1.6412918344140053
85.0168791860342	-9.248965814709663
85.40585208684206	-8.859992913901806
81.19889064133167	-13.066954359412193
88.90410063415766	-5.361744366586208
86.99013293534517	-7.275712065398693
97.60397597402334	3.338130973279476
92.34788604825735	-1.917958952486515
97.89336414635181	3.6275191456079483
85.42164395004511	-8.844201050698757
99.43982145190239	5.173976451158524
97.78973288089037	3.5238878801465034
89.13824050873518	-5.127604492008686
96.40541961044073	2.139574609696865
106.92067644745111	12.654831446707249
97.70943343639374	3.443588435649872
96.25221960246563	1.9863746017217636
89.42766283452511	-4.838182166218758
95.37727662175894	1.1114316210150719
99.31646994501352	5.050624944269657
90.90202588588	-3.3638191148638725
95.70833490788937	1.4424899071455002
97.43494528532028	3.169100284576416
84.2329288944602	-10.032916106283665
84.89111265540123	-9.374732345342636
99.31719419360161	5.051349192857742
97.26101277768612	2.995167776942253
93.81864921748638	-0.44719578325748444
85.49459863454103	-8.771246366202831
87.64810824394226	-6.617736756801605
92.98609337955713	-1.2797516211867332
99.57101590931416	5.30517090857029
94.2498896420002	-0.015955358743667603
95.1724166199565	0.9065716192126274
91.08598596602678	-3.179859034717083
93.52517170459032	-0.7406732961535454
95.3567943572998	1.0909493565559387
88.3847318738699	-5.88111312687397
95.0222511664033	0.7564061656594276
104.10433497279882	9.838489972054958
88.4534539654851	-5.81239103525877
103.69211000204086	9.426265001296997
90.2940441146493	-3.97180088609457
94.18591769784689	-0.07992730289697647
91.8506626561284	-2.4151823446154594
100.4696074128151	6.203762412071228
99.73484602570534	5.469001024961472
97.55180635303259	3.285961352288723
99.50024288147688	5.234397880733013
100.4888412207365	6.222996219992638
115.48294633626938	21.217101335525513
92.86197385191917	-1.4038711488246918
99.35058733820915	5.084742337465286
91.3679638504982	-2.8978811502456665
97.71781318634748	3.4519681856036186
104.90462897717953	10.638783976435661
97.97261008620262	3.7067650854587555
80.64370550215244	-13.622139498591423
88.88711650669575	-5.378728494048119
101.53378624469042	7.267941243946552
97.66096179187298	3.3951167911291122
91.6162908822298	-2.649554118514061
92.66712040454149	-1.5987245962023735
90.06679497659206	-4.199050024151802
98.0181121751666	3.752267174422741
91.21763744205236	-3.0482075586915016
96.17669780552387	1.9108528047800064
89.35790710151196	-4.907937899231911
91.97671853005886	-2.289126470685005
92.06567942351103	-2.2001655772328377
103.17713861912489	8.911293618381023
96.73608139157295	2.4702363908290863
88.4796486273408	-5.786196373403072
94.51638470590115	0.25053970515727997
88.12311183661222	-6.142733164131641
94.43359003961086	0.16774503886699677
90.18301817029715	-4.08282683044672
97.08273804187775	2.8168930411338806
97.74156102538109	3.4757160246372223
88.31700541824102	-5.948839582502842
92.88344343006611	-1.3824015706777573
83.73911875486374	-10.526726245880127
101.74455116689205	7.478706166148186
112.24455096572638	17.97870596498251
72.58777619898319	-21.678068801760674
90.2036108225584	-4.062234178185463
98.03465466201305	3.768809661269188
99.55087944865227	5.2850344479084015
98.24482135474682	3.9789763540029526
98.92361536622047	4.657770365476608
96.0930886939168	1.8272436931729317
104.11265543848276	9.846810437738895
82.46819122880697	-11.797653771936893
97.4750651717186	3.2092201709747314
92.97652258723974	-1.2893224135041237
90.59093188494444	-3.674913115799427
89.46493250876665	-4.800912491977215
94.72897533327341	0.46313033252954483
111.27138815820217	17.005543157458305
92.59155222773552	-1.6742927730083466
95.69515638053417	1.429311379790306
87.39646875858307	-6.869376242160797
97.93163371831179	3.6657887175679207
84.6735639423132	-9.592281058430672
95.76502177119255	1.4991767704486847
94.36630918830633	0.10046418756246567
104.15028178691864	9.884436786174774
88.2979427203536	-5.967902280390263
88.7951388284564	-5.470706172287464
102.54241535812616	8.276570357382298
77.40348327159882	-16.86236172914505
94.12042102217674	-0.1454239785671234
91.01140869408846	-3.254436306655407
95.07173688709736	0.8058918863534927
99.76329273730516	5.497447736561298
89.83592014014721	-4.429924860596657
95.74908388406038	1.4832388833165169
92.19679501652718	-2.06904998421669
97.90132322907448	3.635478228330612
86.08308979123831	-8.182755209505558
93.62621117383242	-0.6396338269114494
96.14071234315634	1.8748673424124718
98.5148079842329	4.248962983489037
80.8570342734456	-13.40881072729826
94.11019798368216	-0.15564701706171036
93.53765930980444	-0.7281856909394264
89.37799620628357	-4.887848794460297
95.55366595089436	1.2878209501504898
92.33702726662159	-1.9288177341222763
93.38607279956341	-0.8797722011804581
92.63734783232212	-1.6284971684217453
93.10277824103832	-1.1630667597055435
101.25265348702669	6.9868084862828255
95.72379628568888	1.4579512849450111
94.70036401599646	0.4345190152525902
104.17252710461617	9.9066821038723
91.42690771073103	-2.8389372900128365
94.24832770973444	-0.017517291009426117
89.66939593851566	-4.596449062228203
94.77912931889296	0.5132843181490898
99.304059445858	5.038214445114136
91.80717386305332	-2.458671137690544
95.78389082849026	1.5180458277463913
93.22083806246519	-1.045006938278675
98.67471070587635	4.408865705132484
92.52544788271189	-1.7403971180319786
93.28866055607796	-0.9771844446659088
90.82360768318176	-3.4422373175621033
89.44363756477833	-4.822207435965538
100.13620483875275	5.870359838008881
86.29385075718164	-7.9719942435622215
108.27295599132776	14.007110990583897
96.64295728504658	2.3771122843027115
81.11315912753344	-13.15268587321043
86.00609818845987	-8.259746812283993
100.26319974660873	5.997354745864868
93.40150827914476	-0.864336721599102
103.3458588719368	9.080013871192932
90.5714712291956	-3.694373771548271
99.09107279032469	4.825227789580822
101.81020176410675	7.5443567633628845
94.64647159725428	0.3806265965104103
89.62263458967209	-4.643210411071777
92.56812610477209	-1.697718895971775
90.11761724203825	-4.148227758705616
92.4013754054904	-1.8644695952534676
93.69026114791632	-0.575583852827549
91.57419015467167	-2.691654846072197
93.9551587626338	-0.31068623811006546
104.30057117342949	10.034726172685623
97.21814950555563	2.9523045048117638
90.10970092564821	-4.1561440750956535
99.0306067764759	4.76476177573204
83.4184752330184	-10.847369767725468
90.23740290850401	-4.028442092239857
101.61751616746187	7.351671166718006
94.22203077375889	-0.04381422698497772
92.85281187295914	-1.413033127784729
97.41196366399527	3.1461186632514
93.69153445214033	-0.5743105486035347
95.56035303324461	1.2945080325007439
99.34758197516203	5.081736974418163
101.4465671479702	7.180722147226334
89.89149575680494	-4.374349243938923
98.40539648383856	4.139551483094692
93.3696089014411	-0.8962360993027687
92.11100000888109	-2.154844991862774
91.57938702404499	-2.6864579766988754
89.5956215262413	-4.6702234745025635
85.36815612763166	-8.897688873112202
97.1862988397479	2.9204538390040398
91.66448774188757	-2.6013572588562965
97.56047860532999	3.2946336045861244
87.68455991148949	-6.581285089254379
88.23534274101257	-6.030502259731293
90.86633368581533	-3.3995113149285316
94.44295562803745	0.17711062729358673
85.71879074722528	-8.547054253518581
101.00365496426821	6.737809963524342
95.7192238792777	1.4533788785338402
88.66711949557066	-5.598725505173206
93.24682006984949	-1.0190249308943748
92.41018748283386	-1.8556575179100037
95.6132203489542	1.3473753482103348
93.65738516300917	-0.6084598377346992
92.3092388883233	-1.956606112420559
90.00066866725683	-4.265176333487034
90.43386594206095	-3.8319790586829185
99.20263774693012	4.936792746186256
87.459871314466	-6.805973686277866
78.13637530058622	-16.129469700157642
88.47103217244148	-5.794812828302383
97.61481061577797	3.3489656150341034
93.66231466829777	-0.6035303324460983
92.15991330891848	-2.10593169182539
90.68448635190725	-3.5813586488366127
96.01368126273155	1.7478362619876862
77.96556117385626	-16.300283826887608
93.9946731030941	-0.271171897649765
90.52485057711601	-3.7409944236278534
92.91739866137505	-1.3484463393688202
95.9472226202488	1.6813776195049286
100.33092579990625	6.065080799162388
87.63666807115078	-6.629176929593086
91.51404035836458	-2.751804642379284
100.54386220872402	6.278017207980156
87.12697882205248	-7.138866178691387
92.4384452700615	-1.827399730682373
89.6130156442523	-4.652829356491566
98.32741832733154	4.061573326587677
90.86378541588783	-3.4020595848560333
101.08893743902445	6.823092438280582
96.03290285915136	1.7670578584074974
92.95676673203707	-1.3090782687067986
89.98645823448896	-4.279386766254902
88.69657260924578	-5.569272391498089
104.66420888900757	10.398363888263702
98.39685373753309	4.1310087367892265
105.57612889260054	11.31028389185667
88.53013984113932	-5.735705159604549
92.35882510989904	-1.907019890844822
88.3197123631835	-5.946132637560368
81.48314841091633	-12.782696589827538
94.31082454323769	0.04497954249382019
101.70522496849298	7.439379967749119
85.6938212737441	-8.57202372699976
87.28761472553015	-6.978230275213718
94.21388290822506	-0.05196209251880646
97.96915731579065	3.7033123150467873
97.74989992380142	3.484054923057556
99.12103424221277	4.855189241468906
93.18261794000864	-1.0832270607352257
93.79578830301762	-0.4700566977262497
97.44238656759262	3.176541566848755
99.04662501066923	4.7807800099253654
101.02816432714462	6.762319326400757
106.5088661313057	12.243021130561829
90.61897828429937	-3.6468667164444923
101.27012439072132	7.004279389977455
102.58622851967812	8.32038351893425
93.23077581077814	-1.035069189965725
95.3871010094881	1.1212560087442398
86.57377405464649	-7.692070946097374
96.09561114758253	1.829766146838665
87.8982272669673	-6.367617733776569
99.53016792982817	5.264322929084301
89.65334415435791	-4.612500846385956
90.56525222212076	-3.700592778623104
95.74196335673332	1.4761183559894562
97.1160484701395	2.8502034693956375
99.13922897726297	4.873383976519108
87.27864834666252	-6.987196654081345
101.6605163961649	7.394671395421028
92.21684305369854	-2.0490019470453262
91.89599745720625	-2.3698475435376167
103.00504114478827	8.7391961440444
101.63522499799728	7.369379997253418
90.16548059135675	-4.100364409387112
91.208252876997	-3.057592123746872
90.33028173446655	-3.9355632662773132
91.46517879515886	-2.800666205585003
104.1195883974433	9.853743396699429
95.04268135130405	0.7768363505601883
101.34291476756334	7.077069766819477
89.76576648652554	-4.50007851421833
85.73984019458294	-8.526004806160927
89.43400805443525	-4.831836946308613
93.97220841050148	-0.29363659024238586
102.73659554868937	8.4707505479455
98.62377395480871	4.357928954064846
97.30747775733471	3.041632756590843
90.17031337320805	-4.09553162753582
96.58005083352327	2.3142058327794075
95.19068442285061	0.9248394221067429
97.50733914971352	3.2414941489696503
92.63900401443243	-1.6268409863114357
93.45584381371737	-0.8100011870265007
93.21261584758759	-1.0532291531562805
96.79513069987297	2.5292856991291046
100.00764633715153	5.741801336407661
97.69069729745388	3.4248522967100143
103.29667095839977	9.030825957655907
99.77366750687361	5.507822506129742
97.04848685115576	2.782641850411892
99.1467160731554	4.880871072411537
97.0425116866827	2.776666685938835
89.85862158983946	-4.4072234109044075
90.3198005631566	-3.946044437587261
107.60240275412798	13.336557753384113
96.84455671906471	2.5787117183208466
91.07277440279722	-3.193070597946644
95.79602650552988	1.5301815047860146
93.7118810415268	-0.5539639592170715
89.88935408741236	-4.376490913331509
92.3542914018035	-1.9115535989403725
91.79208291321993	-2.4737620875239372
94.52586808055639	0.2600230798125267
85.66376868635416	-8.602076314389706
91.45615171641111	-2.8096932843327522
100.49160846322775	6.225763462483883
101.17268684506416	6.906841844320297
99.14237784594297	4.876532845199108
87.21893342584372	-7.04691157490015
103.40192745625973	9.136082455515862
92.93330775946379	-1.3325372412800789
103.94179263710976	9.67594763636589
92.22689424455166	-2.0389507561922073
97.78271961957216	3.5168746188282967
90.50603894889355	-3.759806051850319
94.40277344733477	0.13692844659090042
86.8317531272769	-7.4340918734669685
98.95625265687704	4.690407656133175
94.65731660276651	0.39147160202264786
103.18237121403217	8.916526213288307
96.63015311211348	2.36430811136961
91.81121717393398	-2.454627826809883
90.35713394731283	-3.908711053431034
106.26332937926054	11.997484378516674
97.55497834086418	3.2891333401203156
90.32763783633709	-3.9382071644067764
99.10829663276672	4.842451632022858
100.3739283233881	6.108083322644234
100.10139918327332	5.8355541825294495
95.93304279446602	1.6671977937221527
94.50023655593395	0.23439155519008636
90.255331851542	-4.01051314920187
96.21412052214146	1.9482755213975906
83.99162578582764	-10.27421921491623
95.81312958151102	1.5472845807671547
88.28707972168922	-5.978765279054642
94.11422289907932	-0.15162210166454315
94.82046598941088	0.5546209886670113
89.84379398822784	-4.422051012516022
89.02718456834555	-5.238660432398319
97.07742816209793	2.811583161354065
88.37691289186478	-5.888932108879089
91.53322056680918	-2.7326244339346886
106.45358746498823	12.187742464244366
93.22291485220194	-1.0429301485419273
96.99025022983551	2.7244052290916443
95.77267131209373	1.5068263113498688
97.1737470254302	2.9079020246863365
88.95443858206272	-5.311406418681145
95.50562555342913	1.2397805526852608
95.8383058309555	1.5724608302116394
93.77376025170088	-0.4920847490429878
95.79549773037434	1.5296527296304703
86.64727608859539	-7.618568912148476
99.69479852169752	5.428953520953655
95.37647023797035	1.1106252372264862
88.71107589453459	-5.554769106209278
88.72065276652575	-5.545192234218121
89.8560840561986	-4.409760944545269
88.78828013688326	-5.477564863860607
101.30214545875788	7.036300458014011
93.79677015542984	-0.4690748453140259
97.23359400779009	2.9677490070462227
91.79510788619518	-2.470737114548683
95.57069727778435	1.3048522770404816
99.21853800863028	4.95269300788641
93.87736163288355	-0.38848336786031723
94.37414423376322	0.10829923301935196
94.08230987936258	-0.1835351213812828
96.17845755070448	1.9126125499606133
92.00339563935995	-2.262449361383915
99.200495056808	4.934650056064129
85.96110848337412	-8.304736517369747
93.4179016649723	-0.8479433357715607
93.05281039327383	-1.2130346074700356
89.15855306386948	-5.10729193687439
97.61082827299833	3.344983272254467
99.00322656333447	4.737381562590599
103.3689963594079	9.103151358664036
96.98133750259876	2.7154925018548965
89.61507686972618	-4.650768131017685
93.14361743628979	-1.1222275644540787
99.3459257259965	5.080080725252628
81.52524230629206	-12.740602694451809
85.09031265228987	-9.175532348453999
97.03736178576946	2.7715167850255966
95.31455311179161	1.0487081110477448
91.45034804940224	-2.815496951341629
96.7923938781023	2.5265488773584366
89.61956799775362	-4.646277002990246
106.59250559657812	12.326660595834255
94.66741316765547	0.401568166911602
94.68273474276066	0.4168897420167923
97.5891267284751	3.323281727731228
105.45522355288267	11.189378552138805
94.3261640816927	0.06031908094882965
105.4230442866683	11.157199285924435
99.80064672976732	5.534801729023457
102.34284074604511	8.076995745301247
100.22895887494087	5.963113874197006
95.26534213870764	0.9994971379637718
91.14941827207804	-3.1164267286658287
92.01877050846815	-2.247074492275715
97.92812583595514	3.662280835211277
100.7646049708128	6.498759970068932
101.2168383821845	6.9509933814406395
87.47863042354584	-6.787214577198029
94.30555544048548	0.03971043974161148
87.30507113784552	-6.96077386289835
89.83870789408684	-4.427137106657028
97.5706724151969	3.3048274144530296
81.0176332294941	-13.248211771249771
97.11217228323221	2.846327282488346
96.57870899885893	2.3128639981150627
86.48748724162579	-7.77835775911808
92.82289101183414	-1.4429539889097214
89.80696193128824	-4.458883069455624
99.60060795396566	5.334762953221798
102.48275405168533	8.216909050941467
98.42473310232162	4.158888101577759
91.67243565618992	-2.5934093445539474
84.81943941116333	-9.446405589580536
87.27817256748676	-6.987672433257103
101.8937751725316	7.627930171787739
89.33023821562529	-4.93560678511858
105.38411197811365	11.118266977369785
98.5268029794097	4.260957978665829
95.72166246920824	1.4558174684643745
102.7590027153492	8.493157714605331
94.74177262932062	0.4759276285767555
97.44597473740578	3.180129736661911
98.5984306782484	4.3325856775045395
92.21315344423056	-2.0526915565133095
92.31095398962498	-1.9548910111188889
81.92833479493856	-12.337510205805302
94.01555822044611	-0.2502867802977562
106.6045523956418	12.338707394897938
97.8379240334034	3.5720790326595306
85.69468263536692	-8.57116236537695
85.99925462156534	-8.266590379178524
91.71009895950556	-2.555746041238308
103.72184113413095	9.455996133387089
94.26668402552605	0.0008390247821807861
96.99167171865702	2.725826717913151
96.10864363610744	1.8427986353635788
93.45441807806492	-0.8114269226789474
99.76737774163485	5.50153274089098
92.63409631699324	-1.6317486837506294
100.4291678443551	6.16332284361124
87.83210244774818	-6.433742552995682
86.60821291059256	-7.65763209015131
92.1642934679985	-2.1015515327453613
96.86587525904179	2.6000302582979202
86.94255244731903	-7.323292553424835
93.83052603900433	-0.4353189617395401
101.3808985799551	7.115053579211235
90.69577801972628	-3.5700669810175896
90.33349952846766	-3.932345472276211
98.37989077717066	4.114045776426792
94.30465260148048	0.03880760073661804
93.86070726066828	-0.4051377400755882
88.98870950192213	-5.277135498821735
102.63482414186001	8.368979141116142
107.09469478577375	12.828849785029888
97.61678077280521	3.350935772061348
90.82521758973598	-3.440627411007881
97.70880410075188	3.442959100008011
98.48421301692724	4.218368016183376
104.34227185696363	10.076426856219769
97.74246448278427	3.4766194820404053
99.09894336014986	4.833098359405994
88.60820704698563	-5.65763795375824
92.81417562067509	-1.451669380068779
92.15905842930079	-2.106786571443081
85.66336654871702	-8.602478452026844
90.42301409691572	-3.842830903828144
101.72624896466732	7.460403963923454
84.02563212811947	-10.240212872624397
96.8827493712306	2.6169043704867363
90.55504237860441	-3.710802622139454
88.92877258360386	-5.337072417140007
91.27206186205149	-2.993783138692379
87.98207465559244	-6.283770345151424
99.90602232515812	5.640177324414253
94.88773334771395	0.6218883469700813
99.00902815908194	4.74318315833807
95.36316083371639	1.0973158329725266
99.20688485354185	4.941039852797985
98.63566839694977	4.369823396205902
98.77485278993845	4.509007789194584
89.79778256267309	-4.468062438070774
97.40381276607513	3.1379677653312683
90.69368405640125	-3.572160944342613
92.50693882256746	-1.758906178176403
101.413953833282	7.148108832538128
101.47286263853312	7.207017637789249
91.42917060106993	-2.8366743996739388
103.26806174218655	9.00221674144268
92.11803968250751	-2.147805318236351
98.23381125181913	3.967966251075268
102.60907711833715	8.343232117593288
94.85927429795265	0.593429297208786
89.06985893845558	-5.195986062288284
92.92533519119024	-1.3405098095536232
86.7153748050332	-7.550470195710659
86.1867823600769	-8.079062640666962
91.56295129656792	-2.702893704175949
90.13000162690878	-4.135843373835087
84.81453137099743	-9.451313629746437
85.48643088340759	-8.779414117336273
85.5271258354187	-8.738719165325165
90.14937106519938	-4.116473935544491
97.3797871246934	3.1139421239495277
99.4640597179532	5.198214717209339
92.50439006835222	-1.7614549323916435
83.38877859711647	-10.877066403627396
102.81130365282297	8.545458652079105
86.30772119760513	-7.958123803138733
91.49154125899076	-2.7743037417531013
101.72068077325821	7.454835772514343
89.33391416072845	-4.931930840015411
93.58226598799229	-0.6835790127515793
98.8447719886899	4.5789269879460335
95.01541032642126	0.7495653256773949
92.35686892271042	-1.9089760780334473
88.04984632879496	-6.21599867194891
89.54619374871254	-4.719651252031326
87.44381056725979	-6.8220344334840775
82.71241407841444	-11.553430922329426
96.60845692455769	2.34261192381382
77.54087896645069	-16.724966034293175
98.22970694303513	3.9638619422912598
88.63108415156603	-5.634760849177837
107.17212529480457	12.906280294060707
104.2156801968813	9.949835196137428
97.95073605328798	3.684891052544117
91.87800131738186	-2.387843683362007
93.3874065130949	-0.8784384876489639
97.7248909175396	3.4590459167957306
105.54910587519407	11.283260874450207
104.21594852209091	9.950103521347046
97.45449688285589	3.188651882112026
102.8691076785326	8.603262677788734
94.07995153218508	-0.1858934685587883
91.05077043175697	-3.2150745689868927
96.91084154695272	2.6449965462088585
83.11021005362272	-11.155634947121143
94.0906682908535	-0.1751767098903656
101.29493999481201	7.029094994068146
87.04386136680841	-7.2219836339354515
90.43229413032532	-3.8335508704185486
96.3494425714016	2.08359757065773
83.22999835014343	-11.035846650600433
104.82714737206697	10.561302371323109
90.1326594799757	-4.133185520768166
92.61692382395267	-1.648921176791191
97.03379906713963	2.7679540663957596
87.27824100106955	-6.98760399967432
94.03935789316893	-0.22648710757493973
100.93701654672623	6.671171545982361
96.4171779602766	2.1513329595327377
94.60111655294895	0.33527155220508575
93.02327413111925	-1.2425708696246147
97.7010650113225	3.4352200105786324
97.34694617986679	3.081101179122925
88.16395474225283	-6.101890258491039
100.77261162549257	6.506766624748707
94.78643472492695	0.5205897241830826
87.33595166355371	-6.929893337190151
94.58551386743784	0.31966886669397354
102.16408792883158	7.898242928087711
101.83219595253468	7.56635095179081
89.94705451279879	-4.31879048794508
92.98391041904688	-1.2819345816969872
97.52175676077604	3.255911760032177
96.82892790436745	2.563082903623581
93.2953994423151	-0.9704455584287643
95.17516815662384	0.9093231558799744
94.96166344732046	0.6958184465765953
90.09020730108023	-4.175637699663639
101.18356215953827	6.917717158794403
100.36603403836489	6.100189037621021
87.0437789708376	-7.222066029906273
87.75257694721222	-6.513268053531647
81.5213965922594	-12.744448408484459
94.73899888247252	0.47315388172864914
103.90977532416582	9.643930323421955
97.87228410691023	3.6064391061663628
91.45631024241447	-2.8095347583293915
95.13513097167015	0.8692859709262848
97.3106658756733	3.044820874929428
94.35346469283104	0.08761969208717346
106.86810268461704	12.602257683873177
88.94937674701214	-5.316468253731728
98.8263640999794	4.560519099235535
95.51260800659657	1.2467630058526993
96.08788790553808	1.8220429047942162
102.5231751203537	8.257330119609833
98.91118324548006	4.645338244736195
102.05138230323792	7.785537302494049
88.6405840292573	-5.6252609714865685
98.92504974454641	4.6592047438025475
91.03532980382442	-3.2305151969194412
100.11652102321386	5.850676022469997
93.73400565236807	-0.5318393483757973
111.1504876986146	16.88464269787073
80.93559943139553	-13.330245569348335
86.0928970053792	-8.172947995364666
93.18466470390558	-1.0811802968382835
89.30367140471935	-4.962173596024513
87.20404731482267	-7.061797685921192
90.40073002129793	-3.8651149794459343
100.34121852368116	6.075373522937298
88.40474154055119	-5.86110346019268
94.3924403861165	0.1265953853726387
97.27400639653206	3.0081613957881927
100.39851677417755	6.132671773433685
98.4645104110241	4.198665410280228
95.0587036460638	0.7928586453199387
89.4634522125125	-4.802392788231373
101.61493668705225	7.349091686308384
86.26975395530462	-7.996091045439243
91.49116913229227	-2.7746758684515953
92.94077141582966	-1.3250735849142075
91.88724824786186	-2.378596752882004
93.8371516764164	-0.42869332432746887
92.67333337664604	-1.592511624097824
95.97703804820776	1.711193047463894
93.48357228934765	-0.7822727113962173
88.66391813755035	-5.601926863193512
96.95039746165276	2.6845524609088898
92.4338740631938	-1.831970937550068
85.34614940732718	-8.91969559341669
99.91801942139864	5.652174420654774
90.47523882985115	-3.7906061708927155
91.52951987832785	-2.7363251224160194
102.99952973425388	8.733684733510017
90.59699265658855	-3.6688523441553116
91.03206289559603	-3.2337821051478386
94.19882814586163	-0.0670168548822403
90.7480851188302	-3.517759881913662
99.07249917089939	4.806654170155525
109.784896440804	15.519051440060139
104.12402014434338	9.85817514359951
95.05067310482264	0.7848281040787697
93.10012143850327	-1.1657235622406006
93.0909992530942	-1.1748457476496696
91.42571379989386	-2.84013120085001
92.15995339304209	-2.1058916077017784
107.75515375286341	13.489308752119541
100.45618555694818	6.190340556204319
97.20792853832245	2.9420835375785828
89.57619839161634	-4.6896466091275215
92.84023717790842	-1.4256078228354454
93.89278005808592	-0.37306494265794754
87.01527443528175	-7.250570565462112
90.08167600631714	-4.184168994426727
85.48818235099316	-8.77766264975071
91.18454806506634	-3.0812969356775284
93.13794395327568	-1.1279010474681854
95.84750908613205	1.5816640853881836
101.2321942448616	6.966349244117737
89.6196821630001	-4.646162837743759
88.7819833829999	-5.483861617743969
94.38885691016912	0.12301190942525864
94.91657768934965	0.6507326886057854
93.0879655405879	-1.177879460155964
90.02945828437805	-4.236386716365814
88.320526920259	-5.945318080484867
96.77814136445522	2.512296363711357
107.40008291602135	13.134237915277481
104.84944548457861	10.583600483834743
94.51465681940317	0.24881181865930557
91.07146465778351	-3.1943803429603577
96.47466344386339	2.208818443119526
104.05589969456196	9.790054693818092
92.4615155607462	-1.804329439997673
97.80936431139708	3.5435193106532097
92.70931712538004	-1.5565278753638268
99.22977415472269	4.963929153978825
94.62223013490438	0.35638513416051865
104.61059657484293	10.344751574099064
93.26518879830837	-1.0006562024354935
104.4133999273181	10.14755492657423
96.88453958928585	2.6186945885419846
89.02863144874573	-5.237213551998138
84.78060427308083	-9.48524072766304
92.50303158909082	-1.7628134116530418
95.52946382761002	1.26361882686615
97.88216220587492	3.616317205131054
88.65720942616463	-5.608635574579239
80.86605343222618	-13.399791568517685
103.71080860495567	9.444963604211807
87.81138478219509	-6.454460218548775
97.31202824413776	3.046183243393898
87.78783767670393	-6.478007324039936
91.43529014289379	-2.8305548578500748
94.26209475845098	-0.003750242292881012
104.15241317451	9.886568173766136
102.00102797150612	7.735182970762253
101.36170463263988	7.095859631896019
91.2664251551032	-2.9994198456406593
89.89316151291132	-4.372683487832546
85.38943225890398	-8.876412741839886
104.14104095846415	9.87519595772028
100.08702501654625	5.821180015802383
93.08733412623405	-1.1785108745098114
96.99696227908134	2.7311172783374786
90.65442034602165	-3.6114246547222137
94.76738683879375	0.5015418380498886
93.87959830462933	-0.3862466961145401
87.95248152315617	-6.3133634775877
90.75356155633926	-3.512283444404602
83.97071972489357	-10.295125275850296
100.5995167940855	6.333671793341637
102.36067380011082	8.094828799366951
96.92883246392012	2.6629874631762505
92.36942441016436	-1.8964205905795097
97.31297075003386	3.0471257492899895
88.77553977817297	-5.490305222570896
82.4463922008872	-11.819452799856663
97.33971969783306	3.0738746970891953
101.07948439568281	6.813639394938946
93.79395746439695	-0.4718875363469124
86.25435762107372	-8.011487379670143
100.86634911596775	6.600504115223885
92.81326493620872	-1.452580064535141
102.22322715818882	7.957382157444954
86.20915372669697	-8.056691274046898
109.51589334756136	15.250048346817493
90.97080813348293	-3.295036867260933
89.80884517729282	-4.456999823451042
99.38290042430162	5.117055423557758
96.55006752163172	2.2842225208878517
100.75402073562145	6.488175734877586
90.36262966692448	-3.9032153338193893
97.95316853374243	3.687323532998562
91.35611492395401	-2.909730076789856
95.63193080574274	1.3660858049988747
76.8613513931632	-17.40449360758066
82.51581101864576	-11.750033982098103
93.02186375111341	-1.2439812496304512
90.21441116183996	-4.051433838903904
87.89076215028763	-6.375082850456238
87.33633784204721	-6.9295071586966515
102.33098864555359	8.065143644809723
98.06678973138332	3.8009447306394577
87.79151166975498	-6.474333330988884
91.32662629336119	-2.939218707382679
101.93352091312408	7.6676759123802185
101.93038380146027	7.6645388007164
90.49756430834532	-3.768280692398548
93.74320088326931	-0.522644117474556
95.97220415621996	1.7063591554760933
99.92205461114645	5.656209610402584
100.19577144086361	5.929926440119743
88.06624143570662	-6.1996035650372505
90.73069544136524	-3.535149559378624
89.81779006123543	-4.448054939508438
93.68812194466591	-0.5777230560779572
82.88295644521713	-11.382888555526733
96.33874332904816	2.0728983283042908
105.0471922904253	10.781347289681435
98.28213731199503	4.0162923112511635
93.15078128129244	-1.1150637194514275
98.27011010795832	4.004265107214451
93.94281493872404	-0.323030062019825
95.73146662861109	1.4656216278672218
98.66768821328878	4.401843212544918
93.96147820353508	-0.304366797208786
89.43681798130274	-4.829027019441128
98.53186466544867	4.2660196647048
84.72995175421238	-9.535893246531487
97.46281402558088	3.196969024837017
98.8281548768282	4.562309876084328
100.04475991427898	5.778914913535118
87.58005249500275	-6.685792505741119
99.69473328441381	5.428888283669949
86.59700241684914	-7.66884258389473
96.0009927675128	1.7351477667689323
95.96027234941721	1.6944273486733437
92.01732347160578	-2.2485215291380882
96.84585062414408	2.5800056234002113
81.05674652010202	-13.209098480641842
91.19063113629818	-3.0752138644456863
84.4219482243061	-9.84389677643776
89.52590165287256	-4.739943347871304
107.59009836614132	13.324253365397453
89.30562672764063	-4.960218273103237
92.5478190407157	-1.7180259600281715
104.23186407983303	9.966019079089165
91.76493944227695	-2.5009055584669113
94.38836035132408	0.12251535058021545
90.03629429638386	-4.229550704360008
93.01246594637632	-1.2533790543675423
99.72325655817986	5.457411557435989
90.13978693634272	-4.12605806440115
95.73465772718191	1.4688127264380455
96.72922512888908	2.463380128145218
90.92236997932196	-3.3434750214219093
102.50222918391228	8.236384183168411
92.02798990160227	-2.2378550991415977
95.0206563398242	0.7548113390803337
104.51765219122171	10.251807190477848
101.10714183747768	6.841296836733818
93.14356736838818	-1.12227763235569
87.91340357810259	-6.352441422641277
94.03674963861704	-0.22909536212682724
104.84495831280947	10.579113312065601
93.16052540391684	-1.1053195968270302
93.93203579634428	-0.3338092043995857
91.70181728154421	-2.5640277191996574
94.91712366044521	0.6512786597013474
99.60013332217932	5.3342883214354515
93.91744096577168	-0.34840403497219086
93.32105104625225	-0.9447939544916153
89.34945207089186	-4.916392929852009
94.13667910546064	-0.1291658952832222
99.1747380644083	4.908893063664436
98.58034455031157	4.314499549567699
90.15180385112762	-4.1140411496162415
98.98679211735725	4.720947116613388
93.34738327562809	-0.9184617251157761
96.38552244007587	2.1196774393320084
103.82885557413101	9.563010573387146
99.51644296199083	5.250597961246967
95.55389188230038	1.288046881556511
101.74003560841084	7.474190607666969
103.1125403419137	8.846695341169834
99.64422472566366	5.378379724919796
97.1265824586153	2.860737457871437
96.39415971189737	2.1283147111535072
89.70273261517286	-4.563112385571003
101.4341678544879	7.16832285374403
85.02300291508436	-9.242842085659504
95.74187821894884	1.4760332182049751
86.44797264784575	-7.817872352898121
92.83066411316395	-1.435180887579918
101.69908244907856	7.433237448334694
94.11766264587641	-0.14818235486745834
89.86555764824152	-4.400287352502346
88.93428575247526	-5.331559248268604
90.24355913698673	-4.0222858637571335
91.14197257906199	-3.123872421681881
101.93759731948376	7.671752318739891
98.76278410851955	4.496939107775688
92.02702593803406	-2.2388190627098083
95.42185974866152	1.1560147479176521
87.4345768019557	-6.831268198788166
94.04433273524046	-0.22151226550340652
93.87686815857887	-0.3889768421649933
107.5494332537055	13.283588252961636
85.89342034608126	-8.372424654662609
100.91900882124901	6.653163820505142
97.6596560627222	3.39381106197834
92.8197622820735	-1.4460827186703682
89.26160736382008	-5.00423763692379
102.8269098624587	8.56106486171484
96.8255582600832	2.5597132593393326
95.22496177256107	0.9591167718172073
88.51730966567993	-5.748535335063934
85.24944155663252	-9.016403444111347
93.61756503582001	-0.6482799649238586
96.93543154001236	2.6695865392684937
95.41208609193563	1.1462410911917686
96.89096546173096	2.625120460987091
98.50032442063093	4.234479419887066
104.13188291341066	9.866037912666798
91.65203459560871	-2.6138104051351547
97.41861448436975	3.152769483625889
96.22600084543228	1.9601558446884155
