Ea=242.35958497971296	delta_Ea
238.54465816915035	-3.8149268105626106
239.9818640574813	-2.377720922231674
237.9213506653905	-4.438234314322472
252.4174344614148	10.057849481701851
236.44305876642466	-5.916526213288307
235.8106952831149	-6.548889696598053
251.6152009293437	9.255615949630737
236.5539129897952	-5.805671989917755
226.6046195551753	-15.754965424537659
222.96667385101318	-19.39291112869978
232.9318365752697	-9.427748404443264
235.14110823720694	-7.218476742506027
242.14397981762886	-0.21560516208410263
254.07927758991718	11.71969261020422
239.88813214749098	-2.471452832221985
255.45450384169817	13.094918861985207
238.11994382739067	-4.239641152322292
225.71837948262691	-16.641205497086048
245.46409307420254	3.1045080944895744
223.0228135511279	-19.336771428585052
246.39852003753185	4.03893505781889
223.1336644589901	-19.225920520722866
241.50697965919971	-0.8526053205132484
238.16640546917915	-4.19317951053381
228.75089783221483	-13.60868714749813
241.76745692640543	-0.5921280533075333
258.16432321071625	15.804738231003284
240.09786316007376	-2.261721819639206
243.0863638445735	0.7267788648605347
238.69611714035273	-3.663467839360237
270.17922585457563	27.81964087486267
227.68075858056545	-14.67882639914751
238.89294102787971	-3.466643951833248
252.8547424301505	10.495157450437546
240.07990067452192	-2.27968430519104
235.13515406847	-7.224430911242962
232.6447996944189	-9.714785285294056
256.51791106909513	14.158326089382172
240.95924627780914	-1.40033870190382
221.58509249985218	-20.774492479860783
253.20123001933098	10.841645039618015
246.59013948589563	4.230554506182671
250.9467696994543	8.587184719741344
233.75791559368372	-8.601669386029243
247.41183651983738	5.052251540124416
242.14450800418854	-0.2150769755244255
241.2800329402089	-1.0795520395040512
250.57920041680336	8.219615437090397
225.1435745730996	-17.21601040661335
241.4873070269823	-0.8722779527306557
230.84318532049656	-11.516399659216404
238.62735386937857	-3.7322311103343964
234.78842018544674	-7.571164794266224
236.38089164346457	-5.978693336248398
238.72999528050423	-3.6295896992087364
249.3779500722885	7.01836509257555
241.8802371621132	-0.4793478175997734
252.13506662100554	9.775481641292572
241.1864387243986	-1.1731462553143501
240.86893910169601	-1.4906458780169487
256.8969040066004	14.537319026887417
248.4926517009735	6.133066721260548
230.67577762156725	-11.683807358145714
235.54759181290865	-6.811993166804314
243.77380511164665	1.4142201319336891
254.64889818429947	12.289313204586506
228.92035584896803	-13.439229130744934
221.42927405238152	-20.930310927331448
244.88878408819437	2.529199108481407
258.10770323872566	15.7481182590127
227.43205396831036	-14.927531011402607
245.79233303666115	3.432748056948185
238.09661307930946	-4.2629719004035
237.43098529428244	-4.928599685430527
233.37091194093227	-8.98867303878069
237.34192921966314	-5.01765576004982
236.75441735237837	-5.605167627334595
259.3240053281188	16.964420348405838
241.13337833434343	-1.2262066453695297
241.57603330165148	-0.7835516780614853
242.2074614316225	-0.15212354809045792
233.22268325090408	-9.13690172880888
225.33679231256247	-17.022792667150497
232.8101168423891	-9.549468137323856
246.22939667850733	3.869811698794365
241.915435642004	-0.44414933770895004
249.5689493343234	7.209364354610443
244.87575282901525	2.516167849302292
244.55503583699465	2.195450857281685
229.3136377185583	-13.045947261154652
236.19287914782763	-6.166705831885338
264.99633219093084	22.63674721121788
227.26772467792034	-15.091860301792622
254.6703750193119	12.310790039598942
243.70130418986082	1.3417192101478577
227.234569914639	-15.125015065073967
241.2232167646289	-1.136368215084076
256.96316754072905	14.603582561016083
231.02253706008196	-11.337047919631004
259.4644276127219	17.104842633008957
231.74213315546513	-10.617451824247837
248.75162164121866	6.392036661505699
248.41980816423893	6.060223184525967
246.94867216050625	4.589087180793285
257.35582922399044	14.996244244277477
246.77342911064625	4.413844130933285
244.48137395828962	2.12178897857666
260.351733751595	17.992148771882057
240.18968890607357	-2.169896073639393
249.69967551529408	7.340090535581112
217.218183234334	-25.14140174537897
245.95071084052324	3.59112586081028
222.94761453568935	-19.41197044402361
246.96447088569403	4.604885905981064
243.05508203059435	0.6954970508813858
240.75937975943089	-1.6002052202820778
227.69819530844688	-14.661389671266079
248.6781426742673	6.318557694554329
237.15215803682804	-5.207426942884922
236.792356133461	-5.567228846251965
226.56633280217648	-15.793252177536488
252.2534791007638	9.893894121050835
239.94405463337898	-2.4155303463339806
244.627045892179	2.267460912466049
232.74555018544197	-9.614034794270992
241.0033062696457	-1.3562787100672722
248.18569677323103	5.826111793518066
242.52997326105833	0.17038828134536743
243.80809793621302	1.4485129565000534
255.9575221389532	13.597937159240246
251.39545989781618	9.035874918103218
271.9127042964101	29.55311931669712
246.66874012351036	4.309155143797398
256.3040356338024	13.94445065408945
251.56431598216295	9.20473100244999
225.03978936374187	-17.31979561597109
233.00431609898806	-9.355268880724907
239.87843845039606	-2.481146529316902
228.9075674712658	-13.45201750844717
238.16446171700954	-4.195123262703419
254.48740699887276	12.127822019159794
227.30292244255543	-15.056662537157536
227.17498841881752	-15.184596560895443
245.6709148287773	3.31132984906435
237.4066063016653	-4.952978678047657
222.47919956594706	-19.880385413765907
246.97672568261623	4.617140702903271
240.48142877966166	-1.8781562000513077
229.33010952174664	-13.029475457966328
225.64180257171392	-16.71778240799904
235.30820185691118	-7.051383122801781
244.15413738787174	1.7945524081587791
236.06916474550962	-6.290420234203339
253.88896479457617	11.529379814863205
217.99195761233568	-24.36762736737728
237.46633196622133	-4.8932530134916306
242.554706081748	0.19512110203504562
246.41353033483028	4.053945355117321
243.08604082465172	0.726455844938755
259.13814494758844	16.77855996787548
228.31379675865173	-14.04578822106123
223.66342516988516	-18.696159809827805
248.1229738742113	5.763388894498348
228.8317325040698	-13.527852475643158
238.7204115614295	-3.6391734182834625
245.80411209911108	3.444527119398117
246.188082896173	3.8284979164600372
245.31386944651604	2.954284466803074
240.15380639582872	-2.205778583884239
239.41667054593563	-2.9429144337773323
260.0014537125826	17.641868732869625
250.33867509663105	7.979090116918087
233.9715545028448	-8.388030476868153
238.99760150164366	-3.3619834780693054
263.353817678988	20.994232699275017
251.21639463305473	8.85680965334177
239.94191843271255	-2.417666547000408
236.90873523801565	-5.450849741697311
265.9957217052579	23.63613672554493
247.65571577847004	5.296130798757076
245.91101310402155	3.551428124308586
237.01489779353142	-5.344687186181545
256.39859369397163	14.03900871425867
252.00361198931932	9.644027009606361
261.3086518794298	18.949066899716854
246.156744658947	3.797159679234028
243.71482613682747	1.3552411571145058
251.45323275774717	9.09364777803421
247.5805343464017	5.220949366688728
244.2145190089941	1.8549340292811394
255.2155408486724	12.855955868959427
231.52473971247673	-10.834845267236233
228.88170229643583	-13.47788268327713
254.16872431337833	11.809139333665371
232.20574950426817	-10.153835475444794
245.05791021883488	2.698325239121914
255.17924142628908	12.819656446576118
264.41315719485283	22.053572215139866
253.98674400895834	11.627159029245377
228.92569100111723	-13.433893978595734
244.9493689313531	2.589783951640129
230.00990369170904	-12.349681288003922
237.0097176656127	-5.3498673141002655
241.02780228108168	-1.3317826986312866
244.65670713037252	2.297122150659561
245.91221695393324	3.552631974220276
257.59880308806896	15.239218108355999
237.50973457098007	-4.849850408732891
240.13116137683392	-2.2284236028790474
236.5404779613018	-5.8191070184111595
242.96562179178	0.6060368120670319
238.57035406678915	-3.789230912923813
249.51897255331278	7.159387573599815
233.71527483314276	-8.644310146570206
227.61766705662012	-14.741917923092842
239.3667114302516	-2.9928735494613647
230.26722360402346	-12.092361375689507
241.42533976584673	-0.9342452138662338
235.68014004081488	-6.6794449388980865
246.667968057096	4.308383077383041
238.49323576688766	-3.8663492128252983
246.6664955019951	4.306910522282124
228.39497585594654	-13.964609123766422
259.73525435477495	17.37566937506199
235.25979843735695	-7.099786542356014
239.4101797491312	-2.9494052305817604
237.42360378801823	-4.9359811916947365
243.78510144352913	1.425516463816166
247.768481656909	5.408896677196026
237.1147992759943	-5.244785703718662
228.3968230485916	-13.96276193112135
247.74280010908842	5.383215129375458
231.75638084113598	-10.603204138576984
251.93742511421442	9.577840134501457
250.51400572806597	8.154420748353004
235.77247817069292	-6.587106809020042
263.3703975379467	21.010812558233738
226.6515474319458	-15.708037547767162
233.1071195229888	-9.252465456724167
247.52960016578436	5.170015186071396
241.54872315376997	-0.8108618259429932
246.79255693405867	4.432971954345703
252.61876863241196	10.259183652698994
241.98244469612837	-0.3771402835845947
266.8245358169079	24.46495083719492
241.7886536642909	-0.5709313154220581
269.1013340651989	26.741749085485935
263.2127689346671	20.853183954954147
232.59333200752735	-9.766252972185612
257.595521427691	15.23593644797802
238.66640354692936	-3.6931814327836037
237.4815846607089	-4.878000319004059
246.9873906224966	4.627805642783642
244.1534765958786	1.793891616165638
237.8146994560957	-4.544885523617268
238.91486716270447	-3.4447178170084953
243.42087648808956	1.0612915083765984
248.61447087675333	6.254885897040367
237.2951564565301	-5.064428523182869
254.52050250023603	12.160917520523071
260.03269331902266	17.673108339309692
237.4083423987031	-4.951242581009865
250.59513623267412	8.235551252961159
245.02193824201822	2.6623532623052597
247.45253290235996	5.092947922646999
258.69383215904236	16.334247179329395
235.67982855439186	-6.679756425321102
234.2811470478773	-8.078437931835651
248.38269094377756	6.023105964064598
244.61726051568985	2.2576755359768867
238.76043494790792	-3.5991500318050385
236.73465798795223	-5.624926991760731
232.2585260272026	-10.101058952510357
248.021163970232	5.661578990519047
241.2775482609868	-1.0820367187261581
237.3408185094595	-5.018766470253468
254.56046707183123	12.200882092118263
230.98258432000875	-11.377000659704208
231.82574232667685	-10.533842653036118
244.52557293325663	2.165987953543663
230.3472698405385	-12.012315139174461
251.46151246130466	9.101927481591702
222.92169681936502	-19.43788816034794
246.8483213931322	4.488736413419247
257.53310979902744	15.17352481931448
264.72313886880875	22.363553889095783
257.88217978924513	15.522594809532166
243.02458938211203	0.6650044023990631
232.9967346638441	-9.362850315868855
246.57700407505035	4.217419095337391
235.28446988016367	-7.0751150995492935
250.94311837106943	8.583533391356468
253.44457185268402	11.084986872971058
247.23004718869925	4.870462208986282
248.9782876893878	6.618702709674835
255.16295548528433	12.803370505571365
224.13674162328243	-18.22284335643053
249.1837387084961	6.824153728783131
244.7852315455675	2.4256465658545494
249.84247094392776	7.482885964214802
241.74722754955292	-0.6123574301600456
228.89067005366087	-13.468914926052094
240.85770428180695	-1.5018806979060173
261.186198361218	18.826613381505013
238.99076659232378	-3.368818387389183
237.7120610103011	-4.64752396941185
250.6002193391323	8.240634359419346
246.28674660623074	3.9271616265177727
241.05910605937243	-1.300478920340538
247.83105843514204	5.471473455429077
246.18162662535906	3.8220416456460953
257.3159669563174	14.956381976604462
246.2431590333581	3.883574053645134
233.77471743524075	-8.584867544472218
257.1460450813174	14.786460101604462
244.85071532428265	2.491130344569683
231.9738895073533	-10.385695472359657
240.81958250701427	-1.5400024726986885
251.5270266085863	9.167441628873348
265.4504521340132	23.090867154300213
260.5871608927846	18.227575913071632
247.11651022732258	4.756925247609615
262.6440789550543	20.28449397534132
246.2198465242982	3.860261544585228
232.89407362043858	-9.465511359274387
248.36198949068785	6.002404510974884
234.00246991217136	-8.3571150675416
239.43352027237415	-2.92606470733881
230.71941505372524	-11.64016992598772
245.3313424065709	2.9717574268579483
222.37813725322485	-19.981447726488113
245.63182803988457	3.272243060171604
232.66131011396646	-9.698274865746498
247.5960803180933	5.236495338380337
233.03932647407055	-9.320258505642414
237.23909351974726	-5.120491459965706
231.6963672861457	-10.663217693567276
228.66248846799135	-13.697096511721611
265.76341304928064	23.40382806956768
247.24380254745483	4.884217567741871
231.64277036488056	-10.716814614832401
267.56185233592987	25.202267356216908
239.331252746284	-3.028332233428955
244.2619377747178	1.9023527950048447
244.0788689851761	1.7192840054631233
233.9893550798297	-8.37022989988327
234.2704995945096	-8.089085385203362
238.85624512284994	-3.503339856863022
228.3989947065711	-13.960590273141861
244.02550227940083	1.6659172996878624
247.85432812571526	5.494743146002293
265.87064884603024	23.511063866317272
232.12662435323	-10.232960626482964
236.18164629489183	-6.177938684821129
248.9783411771059	6.6187561973929405
237.47850660979748	-4.881078369915485
223.8531488403678	-18.50643613934517
231.21125132590532	-11.14833365380764
257.1218904554844	14.762305475771427
233.09559635072947	-9.263988628983498
243.76051983237267	1.4009348526597023
236.90793672204018	-5.451648257672787
243.5364646986127	1.1768797188997269
234.653837390244	-7.705747589468956
262.30665228515863	19.94706730544567
247.04441463947296	4.684829659759998
237.26286279410124	-5.096722185611725
248.09100432693958	5.73141934722662
238.09699600934982	-4.26258897036314
247.3648262321949	5.005241252481937
252.43629571795464	10.076710738241673
240.7129119336605	-1.646673046052456
232.7389103025198	-9.620674677193165
249.34655686467886	6.986971884965897
250.05536967515945	7.695784695446491
247.76715540140867	5.407570421695709
271.4248922467232	29.065307267010212
247.02073439210653	4.66114941239357
235.993955232203	-6.365629747509956
255.12218226492405	12.762597285211086
230.69221813976765	-11.667366839945316
250.26961988955736	7.9100349098443985
233.33371195942163	-9.025873020291328
244.65558752417564	2.296002544462681
238.28677016496658	-4.07281481474638
234.55413657426834	-7.805448405444622
255.86281317472458	13.503228195011616
237.06175143271685	-5.297833546996117
233.91833819448948	-8.441246785223484
239.23199736326933	-3.127587616443634
245.42154487222433	3.061959892511368
225.02214407920837	-17.33744090050459
223.69057545810938	-18.669009521603584
242.60978491604328	0.25019993633031845
226.07311162352562	-16.286473356187344
238.94528637081385	-3.4142986088991165
230.94796423614025	-11.411620743572712
233.50987312197685	-8.84971185773611
233.7536659538746	-8.605919025838375
231.62340162694454	-10.736183352768421
241.04611774533987	-1.3134672343730927
231.88197230547667	-10.477612674236298
241.03944045305252	-1.3201445266604424
243.97445407509804	1.6148690953850746
231.96370092779398	-10.395884051918983
227.94884806871414	-14.410736910998821
244.59018294513226	2.2305979654192924
248.74360787123442	6.384022891521454
250.05570701509714	7.696122035384178
234.24590624123812	-8.113678738474846
256.49609020352364	14.136505223810673
235.08216164261103	-7.277423337101936
250.5677961409092	8.208211161196232
240.07056582719088	-2.289019152522087
239.09362111985683	-3.2659638598561287
250.13448514044285	7.774900160729885
238.2291685566306	-4.130416423082352
229.68245749920607	-12.677127480506897
259.94194780290127	17.582362823188305
248.39993239194155	6.040347412228584
242.02847400307655	-0.33111097663640976
244.76483879238367	2.4052538126707077
239.7380187511444	-2.621566228568554
241.88655571639538	-0.473029263317585
240.0574555695057	-2.3021294102072716
235.8097212985158	-6.549863681197166
246.89821641147137	4.538631431758404
218.14183075726032	-24.21775422245264
219.9576856121421	-22.401899367570877
240.62676534056664	-1.732819639146328
231.50637220591307	-10.853212773799896
237.7597692012787	-4.599815778434277
249.53946850448847	7.179883524775505
260.6882205158472	18.328635536134243
223.37529780715704	-18.984287172555923
241.03789964318275	-1.3216853365302086
230.84105050563812	-11.51853447407484
256.42399210482836	14.064407125115395
238.70210520923138	-3.6574797704815865
244.57033210247755	2.2107471227645874
229.94366186857224	-12.415923111140728
243.46346738934517	1.103882409632206
231.1995499059558	-11.160035073757172
228.68715829402208	-13.67242668569088
225.90439309179783	-16.455191887915134
248.20803993195295	5.84845495223999
249.12453415244818	6.764949172735214
251.2581640407443	8.898579061031342
244.8094884082675	2.449903428554535
249.21809277683496	6.858507797122002
245.40610744804144	3.046522468328476
252.3210651576519	9.961480177938938
232.86629382520914	-9.493291154503822
237.68664924055338	-4.672935739159584
230.60798008739948	-11.75160489231348
244.35137317329645	1.9917881935834885
241.81375817209482	-0.5458268076181412
241.29567143321037	-1.0639135465025902
240.1439405977726	-2.215644381940365
249.6130563095212	7.253471329808235
238.53519010543823	-3.8243948742747307
237.8051758930087	-4.554409086704254
258.96549443900585	16.60590945929289
256.1484238579869	13.788838878273964
236.90471333265305	-5.4548716470599174
233.6610904633999	-8.698494516313076
252.35671140998602	9.997126430273056
244.23186939954758	1.8722844198346138
260.1121894940734	17.752604514360428
245.28719767928123	2.9276126995682716
259.13620998710394	16.776625007390976
236.52625486254692	-5.833330117166042
244.24186789244413	1.8822829127311707
240.66454181075096	-1.6950431689620018
233.1560835838318	-9.203501395881176
257.6989732757211	15.33938829600811
237.07457154244184	-5.285013437271118
253.82262625545263	11.46304127573967
249.5916522592306	7.232067279517651
261.4716290012002	19.112044021487236
240.99586606025696	-1.363718919456005
229.32812264561653	-13.031462334096432
247.35229608416557	4.99271110445261
229.07507693767548	-13.284508042037487
236.8613259792328	-5.498259000480175
235.41946987062693	-6.940115109086037
236.23397763073444	-6.125607348978519
247.82268381863832	5.463098838925362
241.53362951427698	-0.8259554654359818
234.2654289379716	-8.094156041741371
242.01645264029503	-0.3431323394179344
237.01830749958754	-5.341277480125427
257.99255818873644	15.632973209023476
248.94015560299158	6.580570623278618
227.41718332469463	-14.94240165501833
224.2972999662161	-18.062285013496876
257.9355235993862	15.575938619673252
249.43511305004358	7.07552807033062
238.44770957529545	-3.911875404417515
254.98672581464052	12.627140834927559
236.21621438115835	-6.143370598554611
234.26566195487976	-8.093923024833202
247.7293872386217	5.369802258908749
238.89384623616934	-3.465738743543625
243.4246301203966	1.065045140683651
246.22631645202637	3.866731472313404
250.35928258299828	7.999697603285313
229.84138572961092	-12.518199250102043
244.21112491190434	1.851539932191372
228.9251134172082	-13.434471562504768
237.09180323034525	-5.267781749367714
256.96903393417597	14.609448954463005
241.58138719946146	-0.778197780251503
250.4108458161354	8.051260836422443
242.13962706178427	-0.21995791792869568
253.36202201992273	11.00243704020977
241.62539169192314	-0.7341932877898216
215.73686492443085	-26.622720055282116
235.1872031763196	-7.172381803393364
250.79383761435747	8.434252634644508
235.99276284128428	-6.366822138428688
250.9092350229621	8.54965004324913
247.92696970701218	5.567384727299213
241.95614960044622	-0.4034353792667389
243.76544946432114	1.4058644846081734
237.4558369293809	-4.903748050332069
266.4489037171006	24.089318737387657
245.0511898100376	2.69160483032465
250.9108056128025	8.551220633089542
244.91360633820295	2.5540213584899902
245.2370686531067	2.8774836733937263
242.43502654880285	0.07544156908988953
249.99479976296425	7.6352147832512856
236.76970348507166	-5.589881494641304
249.2168014869094	6.857216507196426
249.55683019012213	7.197245210409164
232.27831894904375	-10.081266030669212
239.15453281253576	-3.2050521671772003
248.87440914660692	6.514824166893959
238.73593932390213	-3.623645655810833
242.9438587576151	0.5842737779021263
258.37263951450586	16.0130545347929
250.97943994402885	8.619854964315891
225.87357469648123	-16.486010283231735
231.52990666776896	-10.829678311944008
229.62220311164856	-12.737381868064404
247.3357964977622	4.97621151804924
242.22977156937122	-0.12981341034173965
231.52818885445595	-10.831396125257015
233.85234033316374	-8.507244646549225
240.89667846262455	-1.4629065170884132
232.15930911898613	-10.200275860726833
251.21410515159369	8.854520171880722
251.11184103041887	8.75225605070591
241.36157310009003	-0.9980118796229362
240.50329088419676	-1.8562940955162048
244.19023651629686	1.8306515365839005
233.0298587679863	-9.329726211726665
266.77727780491114	24.417692825198174
227.84449575841427	-14.515089221298695
223.43362826108932	-18.925956718623638
240.13115189224482	-2.2284330874681473
247.6640132367611	5.30442825704813
247.90029677003622	5.5407117903232574
258.2962965220213	15.93671154230833
229.81084869801998	-12.548736281692982
248.65667552500963	6.297090545296669
231.5163308084011	-10.843254171311855
249.89265076816082	7.533065788447857
234.9369832649827	-7.422601714730263
255.79667938500643	13.437094405293465
239.7601840943098	-2.5994008854031563
248.03536843508482	5.675783455371857
225.15954975038767	-17.200035229325294
237.7115675508976	-4.648017428815365
247.91133671998978	5.5517517402768135
237.72970515489578	-4.629879824817181
252.47812917083502	10.118544191122055
238.01989267021418	-4.339692309498787
261.57687002420425	19.21728504449129
247.798506192863	5.438921213150024
249.44312628358603	7.083541303873062
228.3648261502385	-13.99475882947445
251.4187068194151	9.05912183970213
246.9908317103982	4.631246730685234
254.08086802065372	11.721283040940762
246.87539038062096	4.515805400907993
235.50892382860184	-6.850661151111126
246.45703832805157	4.097453348338604
242.1971559524536	-0.16242902725934982
251.40039356052876	9.040808580815792
244.7929432541132	2.4333582744002342
250.43665496259928	8.077069982886314
245.9961069226265	3.6365219429135323
239.6013381704688	-2.758246809244156
234.1791604310274	-8.18042454868555
243.8408370167017	1.4812520369887352
231.32440104335546	-11.035183936357498
239.92849547415972	-2.4310895055532455
241.48811576515436	-0.8714692145586014
222.98295979946852	-19.376625180244446
252.79103583842516	10.431450858712196
248.00938849151134	5.649803511798382
256.68321219831705	14.323627218604088
224.20698598772287	-18.15259899199009
249.89794378727674	7.538358807563782
235.63776530325413	-6.721819676458836
233.8386713117361	-8.520913667976856
222.85713333636522	-19.50245164334774
248.26192344725132	5.902338467538357
232.28656278550625	-10.073022194206715
258.3295974358916	15.970012456178665
234.8236838504672	-7.535901129245758
246.79595587402582	4.436370894312859
248.9682829156518	6.608697935938835
243.5788939446211	1.219308964908123
244.40540154278278	2.0458165630698204
245.69042146205902	3.330836482346058
231.64793661236763	-10.711648367345333
240.70662645995617	-1.652958519756794
233.92240618914366	-8.437178790569305
237.92662127315998	-4.432963706552982
229.85221078246832	-12.507374197244644
245.99418882280588	3.6346038430929184
233.461051620543	-8.89853335916996
257.9667312949896	15.607146315276623
246.28133890777826	3.9217539280653
241.46839302033186	-0.8911919593811035
249.20963671058416	6.850051730871201
240.6443621441722	-1.7152228355407715
243.1174811348319	0.7578961551189423
229.92052594572306	-12.439059033989906
230.26143288612366	-12.098152093589306
225.24208092689514	-17.11750405281782
233.04727658629417	-9.312308393418789
242.5434877127409	0.18390273302793503
243.95664329081774	1.5970583111047745
243.0160026177764	0.6564176380634308
244.7265464514494	2.366961471736431
243.31277403980494	0.9531890600919724
232.1625196710229	-10.197065308690071
252.18650826066732	9.826923280954361
236.47063234448433	-5.888952635228634
232.11176984012127	-10.247815139591694
250.2707945331931	7.911209553480148
236.68872056156397	-5.6708644181489944
246.68753727525473	4.327952295541763
241.24218731373549	-1.117397665977478
248.7096232920885	6.3500383123755455
245.3878190368414	3.0282340571284294
227.02648654580116	-15.3330984339118
236.77779777348042	-5.581787206232548
245.58090425282717	3.2213192731142044
235.90661574155092	-6.452969238162041
244.9593210220337	2.5997360423207283
225.29107673466206	-17.068508245050907
237.1455775797367	-5.2140073999762535
231.90339794754982	-10.456187032163143
241.9781579375267	-0.3814270421862602
239.8338264375925	-2.5257585421204567
230.39221610873938	-11.967368870973587
235.8944631293416	-6.465121850371361
234.01888477802277	-8.340700201690197
233.50775077193975	-8.851834207773209
246.70889127999544	4.349306300282478
242.2080274745822	-0.15155750513076782
236.3465187549591	-6.013066224753857
219.23046236485243	-23.129122614860535
228.80546806007624	-13.554116919636726
253.7851710692048	11.425586089491844
248.92011477053165	6.560529790818691
251.26221664249897	8.902631662786007
238.40188962966204	-3.957695350050926
256.64941842108965	14.289833441376686
241.3327561095357	-1.026828870177269
251.0168248936534	8.65723991394043
226.54845171421766	-15.8111332654953
252.16744716465473	9.807862184941769
250.10344210267067	7.7438571229577065
245.87046018242836	3.510875202715397
242.91105403751135	0.5514690577983856
248.18879639357328	5.829211413860321
235.85369379073381	-6.505891188979149
226.00148101896048	-16.358103960752487
241.05870904028416	-1.3008759394288063
233.1001474261284	-9.259437553584576
259.64058592170477	17.281000941991806
263.4290400072932	21.06945502758026
227.67198637127876	-14.6875986084342
259.5734801143408	17.21389513462782
254.94924851506948	12.589663535356522
235.16307148337364	-7.196513496339321
235.63739401847124	-6.722190961241722
248.77832684665918	6.41874186694622
261.4995162114501	19.139931231737137
245.46962270885706	3.1100377291440964
246.8261671885848	4.466582208871841
231.4768539816141	-10.88273099809885
241.30355170369148	-1.0560332760214806
242.27955049276352	-0.08003448694944382
248.0141747519374	5.654589772224426
241.67677929252386	-0.6828056871891022
253.13641154021025	10.776826560497284
225.14947593957186	-17.210109040141106
238.85477655380964	-3.5048084259033203
230.7538561746478	-11.605728805065155
244.31829059123993	1.958705611526966
258.4745740443468	16.114989064633846
224.40964390337467	-17.94994107633829
230.55254854261875	-11.807036437094212
235.0031844228506	-7.356400556862354
245.66396810859442	3.3043831288814545
240.10550071299076	-2.2540842667222023
236.68208729475737	-5.677497684955597
243.91623409837484	1.5566491186618805
243.9678146392107	1.6082296594977379
238.73307567089796	-3.6265093088150024
235.1987085044384	-7.160876475274563
225.90335321426392	-16.456231765449047
241.79654424637556	-0.5630407333374023
226.75573790818453	-15.603847071528435
244.71687005460262	2.35728507488966
243.1760466992855	0.8164617195725441
239.61439883708954	-2.7451861426234245
233.69656259566545	-8.663022384047508
246.87939845770597	4.5198134779930115
249.08689833432436	6.727313354611397
233.81582975387573	-8.54375522583723
238.52613842487335	-3.833446554839611
254.69638787209988	12.336802892386913
256.9735616147518	14.613976635038853
248.58712408691645	6.227539107203484
233.29342757165432	-9.066157408058643
233.15266574174166	-9.206919237971306
246.04222574084997	3.6826407611370087
227.61133290082216	-14.7482520788908
248.67846428602934	6.318879306316376
252.5725665539503	10.212981574237347
252.09244092553854	9.732855945825577
229.46067507565022	-12.898909904062748
239.35454241931438	-3.0050425603985786
249.98708564043045	7.627500660717487
247.0093820244074	4.649797044694424
230.17113745212555	-12.188447527587414
229.75086427479982	-12.60872070491314
258.28749311715364	15.927908137440681
235.32550464570522	-7.03408033400774
233.17623955011368	-9.183345429599285
244.16392500698566	1.8043400272727013
236.367977745831	-5.99160723388195
243.69638431072235	1.336799331009388
255.3625259399414	13.002940960228443
248.24135714024305	5.88177216053009
247.97574116289616	5.616156183183193
231.23213560134172	-11.127449378371239
243.57935336977243	1.2197683900594711
235.77716071903706	-6.582424260675907
244.5979359149933	2.238350935280323
238.69629377126694	-3.663291208446026
238.51940581202507	-3.840179167687893
249.50031670182943	7.14073172211647
241.6382953748107	-0.7212896049022675
248.68092537671328	6.321340397000313
240.32692762464285	-2.032657355070114
254.3798265531659	12.02024157345295
231.89164416491985	-10.46794081479311
236.39433628320694	-5.965248696506023
238.7913924008608	-3.5681925788521767
246.3076567053795	3.948071725666523
257.14980912208557	14.790224142372608
252.6300120651722	10.270427085459232
243.0857696980238	0.726184718310833
254.09905710071325	11.73947212100029
226.96415086835623	-15.395434111356735
243.66813272982836	1.3085477501153946
251.2513494193554	8.89176443964243
236.52777737379074	-5.831807605922222
245.36559864133596	3.006013661623001
253.10382648557425	10.744241505861282
229.70105147361755	-12.65853350609541
265.1755131185055	22.815928138792515
249.6911114603281	7.331526480615139
268.9388454928994	26.579260513186455
247.5438815653324	5.18429658561945
240.6681626215577	-1.6914223581552505
245.67509730905294	3.315512329339981
229.48656006902456	-12.8730249106884
230.467986010015	-11.891598969697952
245.4280051290989	3.068420149385929
234.38256476819515	-7.977020211517811
226.01160736382008	-16.347977615892887
235.69456265121698	-6.665022328495979
238.1294710636139	-4.2301139160990715
250.85708532482386	8.497500345110893
230.72316993772984	-11.636415041983128
244.93391507863998	2.574330098927021
218.60947258770466	-23.750112392008305
235.53093817830086	-6.828646801412106
228.55025607347488	-13.809328906238079
244.9756373539567	2.6160523742437363
248.74831429123878	6.388729311525822
232.32261430472136	-10.036970674991608
237.94253055006266	-4.417054429650307
250.06323532760143	7.70365034788847
243.86423636227846	1.5046513825654984
232.9488546848297	-9.410730294883251
259.0229588598013	16.66337388008833
247.09771217405796	4.738127194344997
230.60165175795555	-11.757933221757412
242.58686269074678	0.2272777110338211
251.87260136008263	9.513016380369663
247.9187429472804	5.559157967567444
239.06695272028446	-3.292632259428501
251.7579004317522	9.398315452039242
255.99594751000404	13.63636253029108
230.43908231705427	-11.920502662658691
242.4583292901516	0.09874431043863297
251.96686919778585	9.607284218072891
231.51896046102047	-10.840624518692493
241.5765836313367	-0.7830013483762741
239.73535807430744	-2.6242269054055214
235.79429941624403	-6.565285563468933
236.41170582175255	-5.947879157960415
255.82184422761202	13.462259247899055
241.482805557549	-0.8767794221639633
238.69502363353968	-3.6645613461732864
224.4431450292468	-17.916439950466156
243.0719057917595	0.7123208120465279
231.87468137592077	-10.48490360379219
232.68106716871262	-9.678517811000347
253.48089461773634	11.121309638023376
245.96799721568823	3.6084122359752655
249.20639817416668	6.846813194453716
246.03102458268404	3.671439602971077
241.94213391840458	-0.41745106130838394
247.42558462172747	5.0659996420145035
251.87724980711937	9.517664827406406
232.97642314434052	-9.383161835372448
235.8338322713971	-6.525752708315849
242.26086745411158	-0.09871752560138702
241.66201605647802	-0.6975689232349396
234.53118311613798	-7.828401863574982
253.10682831704617	10.747243337333202
257.3120476230979	14.952462643384933
260.444786593318	18.085201613605022
237.45621359348297	-4.903371386229992
242.07584945857525	-0.2837355211377144
244.01115312427282	1.6515681445598602
247.4311420544982	5.0715570747852325
240.8389705196023	-1.5206144601106644
239.6060430109501	-2.7535419687628746
251.81324043124914	9.453655451536179
223.79013218730688	-18.569452792406082
252.4804563075304	10.12087132781744
233.00751347839832	-9.35207150131464
229.45388966053724	-12.90569531917572
225.68091043829918	-16.678674541413784
254.81196577101946	12.452380791306496
237.31449875235558	-5.0450862273573875
254.62671571969986	12.267130739986897
252.2258903235197	9.866305343806744
242.48496982455254	0.1253848448395729
240.20605032891035	-2.1535346508026123
236.78594512492418	-5.57363985478878
239.66488551348448	-2.694699466228485
233.25583989918232	-9.103745080530643
259.7929622977972	17.43337731808424
237.85451366752386	-4.505071312189102
206.32186284661293	-36.03772213310003
240.3856187015772	-1.9739662781357765
248.0306714847684	5.6710865050554276
250.02348902076483	7.663904041051865
237.69829928129911	-4.661285698413849
234.45936655253172	-7.900218427181244
244.80010113865137	2.440516158938408
231.02240776270628	-11.337177217006683
225.21610483527184	-17.143480144441128
250.81584300100803	8.45625802129507
238.35208383202553	-4.007501147687435
239.47691902518272	-2.882665954530239
250.5586457401514	8.199060760438442
264.076897457242	21.71731247752905
234.02094514667988	-8.338639833033085
251.17496832460165	8.815383344888687
243.0777241513133	0.7181391716003418
239.2533041164279	-3.1062808632850647
230.51419660449028	-11.845388375222683
224.94189170747995	-17.41769327223301
250.08557514101267	7.7259901612997055
247.08480145782232	4.72521647810936
229.23075623065233	-13.12882874906063
255.56756963580847	13.207984656095505
235.29967837780714	-7.059906601905823
253.50836810469627	11.14878312498331
265.0824636891484	22.722878709435463
223.7353651970625	-18.62421978265047
244.85496807843447	2.495383098721504
235.76880148798227	-6.59078349173069
242.4837395325303	0.12415455281734467
241.5833479836583	-0.7762369960546494
253.41943653672934	11.059851557016373
241.34122975170612	-1.0183552280068398
238.23881325870752	-4.12077172100544
252.6221595853567	10.26257460564375
259.06092973798513	16.70134475827217
232.25156173855066	-10.1080232411623
239.43313705921173	-2.926447920501232
245.65273319929838	3.2931482195854187
257.4972346499562	15.137649670243263
243.53573037683964	1.1761453971266747
237.97116104513407	-4.388423934578896
253.15303597599268	10.793450996279716
247.85080585628748	5.491220876574516
240.68384927511215	-1.675735704600811
247.0476711988449	4.688086219131947
243.1880191117525	0.828434132039547
239.75124440342188	-2.6083405762910843
231.87041623145342	-10.489168748259544
252.43997403979301	10.080389060080051
241.70136528462172	-0.6582196950912476
237.0654680430889	-5.29411693662405
231.22805935889482	-11.131525620818138
228.72204054892063	-13.637544430792332
250.30454859137535	7.944963611662388
238.72413837909698	-3.6354466006159782
242.16333653777838	-0.19624844193458557
247.1692914068699	4.809706427156925
232.27275766432285	-10.08682731539011
244.70996114611626	2.3503761664032936
245.39846415817738	3.0388791784644127
259.86623925715685	17.506654277443886
253.17648388445377	10.81689890474081
245.46056304872036	3.1009780690073967
244.24582335352898	1.8862383738160133
242.05681392550468	-0.30277105420827866
252.12221566587687	9.762630686163902
241.30431450903416	-1.0552704706788063
247.80922386050224	5.44963888078928
236.90580029040575	-5.453784689307213
252.5087803453207	10.149195365607738
243.13168826699257	0.7721032872796059
264.2100820839405	21.850497104227543
236.48767456412315	-5.871910415589809
235.59324579685926	-6.766339182853699
251.02567261457443	8.66608763486147
234.20598638802767	-8.153598591685295
252.14128762483597	9.781702645123005
255.54741030931473	13.187825329601765
232.3887384980917	-9.970846481621265
250.76146002858877	8.401875048875809
235.79116228222847	-6.568422697484493
238.81096412986517	-3.5486208498477936
250.3435124605894	7.983927480876446
238.6604503840208	-3.6991345956921577
228.24447678774595	-14.11510819196701
247.2593933865428	4.899808406829834
239.86296859383583	-2.4966163858771324
239.40490627288818	-2.9546787068247795
247.1927883848548	4.8332034051418304
232.9137062355876	-9.445878744125366
248.31413964927197	5.954554669559002
237.57996539771557	-4.779619581997395
237.4212570115924	-4.938327968120575
238.64326960593462	-3.716315373778343
228.20315834134817	-14.156426638364792
237.85635785013437	-4.50322712957859
230.63432961702347	-11.725255362689495
236.56769237667322	-5.7918926030397415
228.8301062360406	-13.529478743672371
237.0885295420885	-5.2710554376244545
237.48688816279173	-4.872696816921234
237.3575437888503	-5.002041190862656
237.58401383459568	-4.775571145117283
241.80803611129522	-0.5515488684177399
243.04163932055235	0.682054340839386
248.0439359843731	5.6843510046601295
250.19970863312483	7.840123653411865
243.3103552609682	0.9507702812552452
236.71430968493223	-5.645275294780731
245.15853866189718	2.7989536821842194
245.15732169896364	2.797736719250679
253.61391154676676	11.254326567053795
247.71285966783762	5.353274688124657
239.12333311140537	-3.2362518683075905
236.10413315147161	-6.255451828241348
241.96287889033556	-0.39670608937740326
226.6798680573702	-15.679716922342777
234.82195752859116	-7.537627451121807
252.19222521036863	9.83264023065567
234.04173010587692	-8.31785487383604
245.9865152835846	3.6269303038716316
242.25375442951918	-0.10583055019378662
223.84739012271166	-18.512194857001305
240.13289657235146	-2.2266884073615074
241.73777786642313	-0.6218071132898331
255.34010595828295	12.980520978569984
235.92319925874472	-6.4363857209682465
258.88442400842905	16.524839028716087
240.2564906552434	-2.1030943244695663
231.4792980477214	-10.880286931991577
237.94653230160475	-4.413052678108215
233.4232484921813	-8.936336487531662
219.17102379351854	-23.18856118619442
237.90412356704473	-4.455461412668228
238.26589862257242	-4.093686357140541
248.44380022585392	6.084215246140957
237.69330985844135	-4.66627512127161
240.9215503036976	-1.438034676015377
238.74363605678082	-3.615948922932148
238.2214780151844	-4.138106964528561
254.0688043758273	11.70921939611435
253.07656672596931	10.716981746256351
241.1838001087308	-1.17578487098217
245.05914906412363	2.6995640844106674
254.7563349083066	12.396749928593636
242.97543074935675	0.6158457696437836
231.84903649240732	-10.510548487305641
241.68547420203686	-0.6741107776761055
236.3953815922141	-5.964203387498856
226.28849524259567	-16.07108973711729
243.39196634292603	1.0323813632130623
232.99469139426947	-9.364893585443497
245.9389379695058	3.579352989792824
238.73278807848692	-3.6267969012260437
230.149892129004	-12.209692850708961
242.8548675402999	0.4952825605869293
219.91268409788609	-22.446900881826878
234.0105693936348	-8.349015586078167
246.14271592348814	3.783130943775177
244.91022304445505	2.5506380647420883
237.00359497219324	-5.355990007519722
258.595383271575	16.23579829186201
248.6608490422368	6.301264062523842
250.15922490507364	7.79963992536068
241.3008295223117	-1.0587554574012756
257.9189654439688	15.55938046425581
226.80315200984478	-15.556432969868183
216.1298687532544	-26.22971622645855
237.81208343803883	-4.547501541674137
238.10745779424906	-4.252127185463905
233.56831036508083	-8.79127461463213
213.4150074198842	-28.94457755982876
231.05173384398222	-11.307851135730743
252.75959914922714	10.40001416951418
260.84049889445305	18.480913914740086
237.0818473175168	-5.277737662196159
242.9642989486456	0.6047139689326286
239.11521864682436	-3.244366332888603
256.8813087269664	14.521723747253418
227.05075389146805	-15.308831088244915
246.05534831434488	3.69576333463192
241.3087676167488	-1.0508173629641533
229.25352776050568	-13.106057219207287
231.92877627164125	-10.430808708071709
250.77924454957247	8.419659569859505
256.40539284050465	14.045807860791683
230.66452181339264	-11.695063166320324
236.06144048273563	-6.298144496977329
241.44195364415646	-0.9176313355565071
253.65637522935867	11.29679024964571
245.23958425223827	2.8799992725253105
223.02396541833878	-19.335619561374187
248.83993439376354	6.480349414050579
255.2623051032424	12.902720123529434
243.04958002269268	0.6899950429797173
242.96717157959938	0.6075865998864174
239.5114808306098	-2.8481041491031647
241.15757367759943	-1.202011302113533
243.4952685534954	1.135683573782444
244.3251554518938	1.9655704721808434
245.9430371746421	3.583452194929123
251.1641769632697	8.804591983556747
241.58766415715218	-0.7719208225607872
242.5829327777028	0.22334779798984528
233.38793336600065	-8.97165161371231
244.8021884188056	2.442603439092636
239.91800144314766	-2.441583536565304
240.07644701749086	-2.2831379622220993
257.7316313236952	15.37204634398222
218.92857129871845	-23.43101368099451
243.44792930036783	1.088344320654869
229.73552559316158	-12.62405938655138
231.51930583268404	-10.840279147028923
232.94421861320734	-9.415366366505623
244.3712171241641	2.0116321444511414
245.90256199985743	3.5429770201444626
239.7450024932623	-2.614582486450672
249.39795216917992	7.038367189466953
246.77896663546562	4.419381655752659
245.16886477917433	2.8092797994613647
227.13049841672182	-15.229086562991142
243.00071645528078	0.6411314755678177
252.27221810817719	9.912633128464222
250.4507390037179	8.091154024004936
250.39180456101894	8.03221958130598
243.70014092326164	1.3405559435486794
248.31834050267935	5.958755522966385
225.08120760321617	-17.278377376496792
237.54481948167086	-4.814765498042107
244.90404045581818	2.544455476105213
253.88220116496086	11.522616185247898
247.0054821446538	4.645897164940834
232.350634470582	-10.008950509130955
235.7856984809041	-6.573886498808861
241.44247226417065	-0.9171127155423164
236.7533032745123	-5.606281705200672
237.5188076645136	-4.840777315199375
235.03781114518642	-7.321773834526539
252.56986732035875	10.21028234064579
241.788793630898	-0.5707913488149643
260.3799143284559	18.020329348742962
225.0448770597577	-17.314707919955254
237.59909742325544	-4.7604875564575195
252.362841501832	10.003256522119045
248.08074267953634	5.7211576998233795
246.57498820126057	4.215403221547604
230.55495135486126	-11.804633624851704
236.87926723062992	-5.480317749083042
241.73749713599682	-0.6220878437161446
240.30251082777977	-2.057074151933193
233.44404785335064	-8.915537126362324
258.64571242034435	16.28612744063139
240.0275793299079	-2.332005649805069
230.9797609075904	-11.379824072122574
208.7198383808136	-33.639746598899364
251.31595503538847	8.956370055675507
242.8788644745946	0.5192794948816299
229.9562912657857	-12.403293713927269
227.30034308880568	-15.059241890907288
252.80536475777626	10.445779778063297
230.93959379941225	-11.419991180300713
231.5559530556202	-10.80363192409277
246.5723543316126	4.212769351899624
252.89702624827623	10.53744126856327
244.13129848986864	1.7717135101556778
245.6586994752288	3.2991144955158234
232.55294712632895	-9.806637853384018
244.66789658367634	2.308311603963375
260.1051673665643	17.74558238685131
239.07785566151142	-3.281729318201542
253.03756815195084	10.677983172237873
234.45761216431856	-7.9019728153944016
235.80384629964828	-6.555738680064678
251.20520185679197	8.84561687707901
237.80988926440477	-4.549695715308189
245.5315916761756	3.1720066964626312
242.5491638481617	0.18957886844873428
230.65069051086903	-11.708894468843937
253.87178242951632	11.512197449803352
243.04336393624544	0.6837789565324783
256.4586925432086	14.099107563495636
243.87198112905025	1.5123961493372917
232.5120847672224	-9.847500212490559
241.34661190211773	-1.012973077595234
252.9276536628604	10.56806868314743
233.20596290379763	-9.153622075915337
240.22013197094202	-2.1394530087709427
241.29898861050606	-1.0605963692069054
254.77938197553158	12.419796995818615
258.53229585289955	16.17271087318659
247.61413696408272	5.254551984369755
242.3162720426917	-0.04331293702125549
253.44686572253704	11.087280742824078
247.18590900301933	4.82632402330637
247.01094471663237	4.651359736919403
256.95798372477293	14.598398745059967
224.1946590989828	-18.164925880730152
246.22324750572443	3.863662526011467
243.08500372618437	0.725418746471405
266.6041285172105	24.24454353749752
259.49602641165257	17.136441431939602
258.18244728446007	15.822862304747105
240.7125267535448	-1.6470582261681557
233.92371325194836	-8.435871727764606
249.72318060696125	7.363595627248287
234.338410012424	-8.021174967288971
239.49620705842972	-2.863377921283245
239.4672204181552	-2.8923645615577698
252.7977720350027	10.438187055289745
253.1036655381322	10.744080558419228
246.4214420095086	4.061857029795647
251.81481388956308	9.45522890985012
236.04554554075003	-6.314039438962936
249.83361092954874	7.474025949835777
236.68753059208393	-5.672054387629032
253.7375572025776	11.377972222864628
232.4596778228879	-9.899907156825066
231.19966781139374	-11.159917168319225
238.97970796376467	-3.3798770159482956
226.58132933825254	-15.778255641460419
260.247010871768	17.887425892055035
238.70564966648817	-3.6539353132247925
237.12041927874088	-5.23916570097208
239.24171064794064	-3.1178743317723274
247.77342670410872	5.413841724395752
251.1034772247076	8.74389224499464
251.48401949554682	9.124434515833855
257.53943920880556	15.179854229092598
256.86670508235693	14.507120102643967
220.11284774541855	-22.246737234294415
245.2176611572504	2.8580761775374413
232.67667730897665	-9.682907670736313
249.18525683879852	6.82567185908556
252.47707825899124	10.117493279278278
237.45750560611486	-4.902079373598099
245.98357932269573	3.623994342982769
250.14065029472113	7.7810653150081635
224.0301557779312	-18.32942920178175
259.21771059930325	16.858125619590282
236.9752967134118	-5.384288266301155
238.08967236429453	-4.269912615418434
245.72043012827635	3.360845148563385
238.41328429430723	-3.946300685405731
242.4690010547638	0.10941607505083084
261.0772370547056	18.717652074992657
233.69472455233335	-8.664860427379608
218.2091658115387	-24.150419168174267
257.16251258552074	14.802927605807781
229.43673983961344	-12.922845140099525
234.9831925779581	-7.376392401754856
234.21051938086748	-8.149065598845482
252.31385466456413	9.95426968485117
231.22259087115526	-11.136994108557701
219.81285694986582	-22.546728029847145
244.60965219140053	2.250067211687565
217.06023901700974	-25.299345962703228
243.27424860745668	0.914663627743721
242.91903606802225	0.559451088309288
234.1350400969386	-8.224544882774353
235.5104375630617	-6.849147416651249
233.36374446749687	-8.995840512216091
254.408183850348	12.048598870635033
236.28110475838184	-6.0784802213311195
250.36116725206375	8.001582272350788
225.10314394533634	-17.25644103437662
239.4626616090536	-2.8969233706593513
245.86942970752716	3.5098447278141975
227.39184041321278	-14.967744566500187
199.5008935853839	-42.85869139432907
251.63339135050774	9.273806370794773
242.91323547065258	0.5536504909396172
227.37902510911226	-14.9805598706007
235.56112553924322	-6.798459440469742
229.71038281172514	-12.649202167987823
233.0497861802578	-9.309798799455166
232.03625962138176	-10.323325358331203
236.8226702734828	-5.536914706230164
255.2968425154686	12.937257535755634
243.38732017576694	1.0277351960539818
237.67109259963036	-4.688492380082607
243.3057431206107	0.9461581408977509
241.3522926941514	-1.0072922855615616
247.4808182939887	5.121233314275742
240.28117179125547	-2.078413188457489
229.10209300369024	-13.25749197602272
246.26939146220684	3.9098064824938774
242.3276505842805	-0.03193439543247223
240.0233897715807	-2.336195208132267
244.54262618720531	2.1830412074923515
230.1074043288827	-12.252180650830269
224.0377762913704	-18.32180868834257
253.83642192929983	11.476836949586868
252.35230208188295	9.99271710216999
246.0177665874362	3.658181607723236
233.99386025220156	-8.365724727511406
233.43260125815868	-8.92698372155428
249.53742567449808	7.177840694785118
246.61231187731028	4.252726897597313
244.7708456069231	2.4112606272101402
235.94059313833714	-6.418991841375828
255.36898697167635	13.009401991963387
239.41456983983517	-2.945015139877796
247.61766017973423	5.258075200021267
255.97704903781414	13.617464058101177
246.00917094945908	3.649585969746113
258.9211383834481	16.56155340373516
250.5433387979865	8.183753818273544
239.76526632159948	-2.5943186581134796
242.64479684829712	0.28521186858415604
231.915645301342	-10.443939678370953
241.6507726162672	-0.7088123634457588
240.39590365439653	-1.9636813253164291
227.0484009310603	-15.311184048652649
230.6247363910079	-11.734848588705063
245.2816076874733	2.922022707760334
216.69920859485865	-25.660376384854317
254.7124119475484	12.352826967835426
249.4921730235219	7.132588043808937
248.0789745748043	5.719389595091343
237.11959996819496	-5.239985011518002
239.2795741185546	-3.080010861158371
234.2612255513668	-8.098359428346157
232.2384741678834	-10.121110811829567
249.4473359361291	7.08775095641613
255.60894241929054	13.24935743957758
234.4010979682207	-7.958487011492252
248.35155291855335	5.991967938840389
245.45478676259518	3.0952017828822136
228.81537277251482	-13.544212207198143
260.6116578578949	18.252072878181934
248.8962833583355	6.536698378622532
247.03033676743507	4.670751787722111
255.82890840619802	13.469323426485062
233.88791853189468	-8.47166644781828
244.34550131112337	1.985916331410408
240.07551842927933	-2.2840665504336357
242.09108637273312	-0.26849860697984695
252.99636133015156	10.636776350438595
238.9803492873907	-3.379235692322254
247.15106247365475	4.791477493941784
248.92519018054008	6.565605200827122
235.9837307035923	-6.375854276120663
248.38231445848942	6.022729478776455
252.8058282136917	10.446243233978748
235.44395983964205	-6.915625140070915
234.02163583785295	-8.337949141860008
249.36821867525578	7.008633695542812
233.14227236807346	-9.2173126116395
246.21217346191406	3.8525884822010994
219.69050089269876	-22.6690840870142
248.68805665522814	6.328471675515175
222.72843887656927	-19.631146103143692
226.70333696901798	-15.65624801069498
249.1297406554222	6.770155675709248
227.85798643529415	-14.501598544418812
232.5644125416875	-9.795172438025475
227.61685599386692	-14.742728985846043
254.60425485670567	12.244669876992702
245.76449164748192	3.4049066677689552
249.2965858206153	6.9370008409023285
232.32525094598532	-10.034334033727646
238.98211452364922	-3.3774704560637474
232.45747414976358	-9.902110829949379
226.45603008568287	-15.903554894030094
232.3995339870453	-9.960050992667675
233.610734321177	-8.748850658535957
248.12773242592812	5.768147446215153
249.7957450374961	7.436160057783127
236.97093506157398	-5.388649918138981
233.5472424402833	-8.812342539429665
247.6763732135296	5.316788233816624
239.08693056553602	-3.272654414176941
259.027582205832	16.66799722611904
244.3318450152874	1.9722600355744362
246.47093562036753	4.111350640654564
251.51500277221203	9.155417792499065
250.02180229127407	7.662217311561108
240.2341219112277	-2.12546306848526
239.44759822636843	-2.911986753344536
237.4486631900072	-4.910921789705753
241.4385871887207	-0.92099779099226
236.81351942569017	-5.546065554022789
225.96773018687963	-16.39185479283333
248.1739440858364	5.814359106123447
240.2630890533328	-2.0964959263801575
233.17310555279255	-9.186479426920414
238.01213143020868	-4.34745354950428
226.84212170541286	-15.517463274300098
242.86517446488142	0.505589485168457
254.21636947989464	11.856784500181675
248.11998050659895	5.760395526885986
226.9070598706603	-15.452525109052658
248.42666244506836	6.067077465355396
243.8814701065421	1.5218851268291473
238.743726760149	-3.615858219563961
251.72239799052477	9.362813010811806
232.2509000375867	-10.108684942126274
260.88845221698284	18.52886723726988
241.5593539699912	-0.800231009721756
225.44911938905716	-16.910465590655804
259.2433248311281	16.883739851415157
255.64703155308962	13.287446573376656
242.0659420490265	-0.29364293068647385
240.39718136191368	-1.962403617799282
255.77051294595003	13.410927966237068
254.31396371871233	11.954378738999367
227.01733651012182	-15.34224846959114
260.8247705474496	18.465185567736626
250.7685710042715	8.408986024558544
215.3121652007103	-27.047419779002666
247.57807602733374	5.218491047620773
215.47256790101528	-26.88701707869768
245.0401936173439	2.6806086376309395
239.0631202235818	-3.296464756131172
228.5929221138358	-13.766662865877151
240.7482766956091	-1.6113082841038704
243.4769723340869	1.1173873543739319
249.94618758559227	7.586602605879307
241.37703048437834	-0.9825544953346252
235.54736560583115	-6.812219373881817
246.47824107855558	4.118656098842621
252.91406721621752	10.554482236504555
220.80425941199064	-21.55532556772232
240.6075825020671	-1.752002477645874
242.06655821204185	-0.29302676767110825
255.02469077706337	12.665105797350407
248.2807818800211	5.921196900308132
242.38871560245752	0.02913062274456024
257.16569320112467	14.806108221411705
234.71441285312176	-7.645172126591206
237.14370439201593	-5.215880587697029
232.82937233895063	-9.530212640762329
259.55107636749744	17.19149138778448
232.78845839202404	-9.571126587688923
234.36079071462154	-7.998794265091419
234.84552784264088	-7.514057137072086
243.7906420826912	1.4310571029782295
240.96654948592186	-1.3930354937911034
236.47920406609774	-5.880380913615227
252.42625992000103	10.066674940288067
252.92096883803606	10.561383858323097
229.8936268761754	-12.46595810353756
248.633087746799	6.273502767086029
238.7894025593996	-3.5701824203133583
238.5320509970188	-3.827533982694149
242.81372214853764	0.4541371688246727
261.2243271321058	18.864742152392864
256.0363404750824	13.676755495369434
248.8384650349617	6.478880055248737
255.07618273049593	12.716597750782967
241.666032217443	-0.6935527622699738
231.4648909419775	-10.894694037735462
258.539994135499	16.180409155786037
255.05345065146685	12.693865671753883
238.1941915601492	-4.16539341956377
258.50960333645344	16.150018356740475
247.75981309264898	5.40022811293602
238.72433160245419	-3.6352533772587776
228.95688589662313	-13.402699083089828
247.92082791030407	5.561242930591106
228.84155042469501	-13.518034555017948
233.68730486929417	-8.672280110418797
236.14039213955402	-6.219192840158939
250.22674341499805	7.867158435285091
244.8498237207532	2.49023874104023
241.14528435468674	-1.214300625026226
252.13078846782446	9.771203488111496
234.17660223692656	-8.182982742786407
251.70133458822966	9.341749608516693
249.79154300689697	7.4319580271840096
246.20070638507605	3.841121405363083
243.75054250657558	1.3909575268626213
232.11895810067654	-10.240626879036427
235.53784777969122	-6.821737200021744
242.55304139107466	0.19345641136169434
232.6321483850479	-9.72743659466505
246.61006205528975	4.250477075576782
253.48039123415947	11.120806254446507
251.6880770176649	9.328492037951946
239.653120175004	-2.7064648047089577
236.03908801823854	-6.320496961474419
248.50774838030338	6.14816340059042
266.4427368566394	24.083151876926422
235.7578787729144	-6.6017062067985535
233.17802934348583	-9.181555636227131
254.07700391858816	11.717418938875198
253.23812900483608	10.87854402512312
241.0537461489439	-1.305838830769062
243.3418923690915	0.9823073893785477
248.2103609740734	5.850775994360447
230.86012470722198	-11.499460272490978
240.5906320810318	-1.7689528986811638
228.61176992207766	-13.747815057635307
247.89575649797916	5.536171518266201
246.76613504439592	4.4065500646829605
242.9659777507186	0.6063927710056305
241.04102834314108	-1.3185566365718842
223.31015826016665	-19.049426719546318
229.59901590645313	-12.76056907325983
234.43729805201292	-7.922286927700043
240.08883613348007	-2.270748846232891
246.35636971890926	3.9967847391963005
254.67758014053106	12.3179951608181
236.6600268408656	-5.699558138847351
235.1639290973544	-7.195655882358551
243.39102366566658	1.031438685953617
248.34342653304338	5.9838415533304214
249.42206180095673	7.062476821243763
237.5534167289734	-4.806168250739574
254.7746188417077	12.415033861994743
235.42874758690596	-6.930837392807007
239.90967953950167	-2.449905440211296
232.21966096013784	-10.139924019575119
256.54523941874504	14.185654439032078
232.8614852204919	-9.498099759221077
249.9993271678686	7.639742188155651
246.33637515455484	3.976790174841881
242.9728339985013	0.6132490187883377
243.11106508225203	0.7514801025390625
247.9130580201745	5.55347304046154
242.3982988744974	0.03871389478445053
254.7758166193962	12.416231639683247
229.60028290003538	-12.759302079677582
242.85667007416487	0.4970850944519043
236.2339408993721	-6.125644080340862
250.06839304417372	7.708808064460754
254.4401117861271	12.080526806414127
230.33984115719795	-12.01974382251501
235.58960854262114	-6.769976437091827
248.8926077261567	6.5330227464437485
249.80459811538458	7.445013135671616
248.50529877096415	6.145713791251183
246.5298520103097	4.170267030596733
248.66064425557852	6.301059275865555
224.45308407396078	-17.906500905752182
246.0669763982296	3.707391418516636
246.22197422385216	3.8623892441391945
250.8653592839837	8.505774304270744
247.88489811867476	5.525313138961792
238.11065400391817	-4.248930975794792
239.18410877138376	-3.1754762083292007
248.96029748022556	6.6007125005126
237.8413749039173	-4.5182100757956505
247.6792061254382	5.31962114572525
254.59983593970537	12.240250959992409
249.98042852431536	7.620843544602394
239.56106229871511	-2.7985226809978485
249.8401519358158	7.480566956102848
238.4696871638298	-3.8898978158831596
251.86702644824982	9.507441468536854
254.83541460335255	12.475829623639584
236.65792091935873	-5.701664060354233
237.1974703297019	-5.162114650011063
251.36735141277313	9.00776643306017
255.04468394815922	12.685098968446255
248.2448472827673	5.885262303054333
253.21063755452633	10.851052574813366
258.5212894231081	16.161704443395138
253.49834620207548	11.138761222362518
250.7167660370469	8.357181057333946
231.92049361020327	-10.439091369509697
236.97030001878738	-5.389284960925579
245.2062039077282	2.846618928015232
240.1562026590109	-2.203382320702076
247.17462119460106	4.815036214888096
255.2388790398836	12.87929406017065
247.7700069695711	5.4104219898581505
232.32956066727638	-10.03002431243658
237.10260830819607	-5.256976671516895
244.2595468312502	1.8999618515372276
231.8474514707923	-10.51213350892067
245.7010438144207	3.341458834707737
236.999805778265	-5.359779201447964
262.2965065687895	19.93692158907652
232.8102488219738	-9.549336157739162
250.7392182946205	8.37963331490755
276.6844716742635	34.324886694550514
236.59426131099463	-5.765323668718338
237.92110938578844	-4.438475593924522
234.34625189751387	-8.013333082199097
223.27626442164183	-19.083320558071136
233.77319402247667	-8.58639095723629
251.1347662433982	8.775181263685226
244.36229760199785	2.002712622284889
242.9745215922594	0.6149366125464439
252.522162809968	10.162577830255032
239.19510286301374	-3.1644821166992188
239.94805868715048	-2.4115262925624847
277.5093571320176	35.14977215230465
248.33113004267216	5.971545062959194
247.56420923024416	5.204624250531197
237.61533664911985	-4.744248330593109
239.11504065990448	-3.244544319808483
229.5565635189414	-12.80302146077156
236.0800433382392	-6.27954164147377
257.7583948969841	15.398809917271137
248.11205277591944	5.752467796206474
227.65874933451414	-14.700835645198822
237.4565897732973	-4.902995206415653
246.96842939406633	4.608844414353371
266.33877619355917	23.979191213846207
234.8526283353567	-7.506956644356251
236.23294324427843	-6.126641735434532
244.54029205441475	2.180707074701786
241.94312021136284	-0.41646476835012436
239.56512759625912	-2.794457383453846
240.04929547011852	-2.3102895095944405
267.6110002025962	25.251415222883224
249.451850079	7.092265099287033
229.4803205728531	-12.879264406859875
240.7318733409047	-1.6277116388082504
239.26128873974085	-3.0982962399721146
232.74972921609879	-9.609855763614178
228.7090007662773	-13.65058421343565
247.57733695954084	5.217751979827881
232.83965685218573	-9.519928127527237
233.34232753515244	-9.017257444560528
237.1736179292202	-5.1859670504927635
253.16357348114252	10.803988501429558
246.28059069812298	3.921005718410015
229.18016805499792	-13.179416924715042
239.3101706802845	-3.049414299428463
251.70000276714563	9.34041778743267
235.51712653040886	-6.842458449304104
230.16413075476885	-12.195454224944115
228.2439373359084	-14.11564764380455
250.98516754806042	8.625582568347454
254.4254680722952	12.065883092582226
257.2739809900522	14.91439601033926
234.82016602158546	-7.539418958127499
235.49896109104156	-6.860623888671398
239.02641857415438	-3.333166405558586
226.34821723401546	-16.0113677456975
221.4274925813079	-20.932092398405075
246.15951127558947	3.799926295876503
244.8840749412775	2.524489961564541
243.2394888550043	0.8799038752913475
259.45496878772974	17.095383808016777
235.34982461482286	-7.009760364890099
248.97446294873953	6.6148779690265656
250.25995126366615	7.90036628395319
236.28305424004793	-6.076530739665031
251.18074560165405	8.82116062194109
248.08954699337482	5.729962013661861
252.75537353754044	10.395788557827473
237.34818234294653	-5.011402636766434
252.57115986943245	10.211574889719486
233.52400739490986	-8.835577584803104
251.1738399490714	8.814254969358444
244.03231454640627	1.672729566693306
242.79701267182827	0.43742769211530685
227.08109609037638	-15.278488889336586
236.95910939574242	-5.400475583970547
258.0406130105257	15.68102803081274
252.42544481903315	10.065859839320183
251.37534321844578	9.015758238732815
243.79345349222422	1.4338685125112534
243.23144490271807	0.8718599230051041
243.3687046393752	1.0091196596622467
257.83508064597845	15.475495666265488
260.05887392908335	17.699288949370384
241.2458930760622	-1.1136919036507607
245.68073265999556	3.3211476802825928
218.74431405216455	-23.61527092754841
222.8956003114581	-19.463984668254852
237.13015417009592	-5.2294308096170425
228.13477739691734	-14.22480758279562
237.3631430864334	-4.9964418932795525
238.29745133966208	-4.062133640050888
232.6021889448166	-9.757396034896374
219.0480504259467	-23.31153455376625
238.2684336900711	-4.091151289641857
251.22665313631296	8.867068156599998
226.31170324236155	-16.047881737351418
218.1627381592989	-24.196846820414066
246.72916271537542	4.36957773566246
244.80992298573256	2.4503380060195923
225.59714974462986	-16.762435235083103
249.57910769432783	7.219522714614868
238.79142485558987	-3.5681601241230965
255.71635735034943	13.356772370636463
254.6600480079651	12.300463028252125
226.04929553717375	-16.310289442539215
249.17916620522738	6.819581225514412
243.38977660238743	1.0301916226744652
242.13020116090775	-0.22938381880521774
236.0465397015214	-6.3130452781915665
233.74664463847876	-8.612940341234207
244.97280748933554	2.613222509622574
210.0684628561139	-32.29112212359905
244.4801283031702	2.120543323457241
229.45154996961355	-12.908035010099411
240.2534282207489	-2.1061567589640617
240.31770164519548	-2.041883334517479
229.42114540934563	-12.938439570367336
230.94232665747404	-11.417258322238922
246.20181719213724	3.8422322124242783
240.19746256619692	-2.1621224135160446
248.13482303917408	5.775238059461117
240.30218696594238	-2.0573980137705803
253.61542896181345	11.255843982100487
245.2652062177658	2.905621238052845
241.85753815621138	-0.5020468235015869
237.94623458385468	-4.413350395858288
246.31304521113634	3.953460231423378
241.4288464859128	-0.9307384938001633
245.82566022127867	3.4660752415657043
243.79445380717516	1.4348688274621964
258.06099212914705	15.70140714943409
246.13573667407036	3.776151694357395
246.16503565758467	3.805450677871704
226.80855755507946	-15.551027424633503
238.82808325439692	-3.5315017253160477
240.7509013786912	-1.6086836010217667
245.04529988765717	2.6857149079442024
249.20426066219807	6.844675682485104
239.8762589842081	-2.483325995504856
259.68676099926233	17.32717601954937
256.3160787448287	13.956493765115738
239.54224236309528	-2.8173426166176796
242.73902225494385	0.37943727523088455
236.28623471409082	-6.073350265622139
253.7145995274186	11.35501454770565
220.99776756763458	-21.36181741207838
222.82718232274055	-19.53240265697241
250.7272052168846	8.36762023717165
228.13847678899765	-14.221108190715313
245.68930339813232	3.329718418419361
243.02064825594425	0.6610632762312889
256.53704480826855	14.177459828555584
252.2995394617319	9.939954482018948
239.4760163128376	-2.8835686668753624
236.53817468881607	-5.8214102908968925
247.81628970056772	5.456704720854759
251.20562030375004	8.846035324037075
248.88198814541101	6.5224031656980515
228.87551382929087	-13.484071150422096
246.53573831170797	4.17615333199501
233.35249790549278	-9.00708707422018
237.42628060281277	-4.933304376900196
250.28812654316425	7.92854156345129
235.86648412793875	-6.493100851774216
240.95184363424778	-1.4077413454651833
236.2019581720233	-6.157626807689667
242.28979312628508	-0.06979185342788696
247.16393822431564	4.80435324460268
253.00074242055416	10.641157440841198
245.9562550187111	3.596670038998127
248.96398172527552	6.604396745562553
242.9994265139103	0.6398415341973305
227.18462254106998	-15.174962438642979
246.3953807502985	4.035795770585537
237.64089573919773	-4.718689240515232
254.72992360591888	12.370338626205921
256.33499021828175	13.975405238568783
251.2273328974843	8.86774791777134
248.2400245293975	5.8804395496845245
253.47422213852406	11.114637158811092
245.20987711846828	2.8502921387553215
234.22448804974556	-8.135096929967403
242.16412294656038	-0.19546203315258026
234.35859232395887	-8.00099265575409
241.05407600849867	-1.3055089712142944
258.4143582880497	16.054773308336735
267.56256379187107	25.202978812158108
236.9655532091856	-5.394031770527363
243.16462506353855	0.8050400838255882
251.87073820084333	9.511153221130371
229.69326984137297	-12.666315138339996
233.9164171293378	-8.443167850375175
243.2352680787444	0.8756830990314484
255.61076395213604	13.251178972423077
231.77362678945065	-10.585958190262318
243.9557534083724	1.596168428659439
235.13225453346968	-7.227330446243286
223.37048052996397	-18.989104449748993
249.8702493980527	7.510664418339729
260.56091985851526	18.2013348788023
243.35436674952507	0.9947817698121071
270.8129043877125	28.453319407999516
239.61267636716366	-2.746908612549305
239.20770850777626	-3.1518764719367027
230.33556250482798	-12.024022474884987
216.1935714930296	-26.16601348668337
239.9486490637064	-2.410935916006565
239.1680893972516	-3.191495582461357
226.88334610313177	-15.476238876581192
239.00842831283808	-3.3511566668748856
244.79275933653116	2.433174356818199
254.58220275491476	12.222617775201797
235.79178937524557	-6.567795604467392
235.79797998070717	-6.5616049990057945
244.8434478715062	2.483862891793251
233.88177884370089	-8.477806136012077
225.1409201696515	-17.218664810061455
254.8222852498293	12.46270027011633
255.1949902996421	12.835405319929123
222.95362062752247	-19.405964352190495
230.0374831855297	-12.322101794183254
240.03058671951294	-2.3289982602000237
244.75517335534096	2.3955883756279945
245.7937274351716	3.434142455458641
250.67015600949526	8.310571029782295
231.54966820776463	-10.809916771948338
231.35434766113758	-11.005237318575382
234.3345079794526	-8.025077000260353
234.49402303993702	-7.865561939775944
226.32459795475006	-16.034987024962902
244.8690875545144	2.509502574801445
242.4249038696289	0.06531888991594315
250.83376963436604	8.474184654653072
244.30337969213724	1.9437947124242783
252.86502142250538	10.505436442792416
246.9052754715085	4.54569049179554
232.8793017566204	-9.480283223092556
235.1099697649479	-7.249615214765072
225.35992553830147	-16.999659441411495
241.3573268428445	-1.0022581368684769
237.52439721673727	-4.835187762975693
258.28667863458395	15.927093654870987
253.12736166268587	10.767776682972908
245.3861209601164	3.0265359804034233
220.48124746233225	-21.878337517380714
257.8832617253065	15.523676745593548
243.14876787364483	0.7891828939318657
235.43474865704775	-6.9248363226652145
229.71414299309254	-12.645441986620426
226.78042217344046	-15.579162806272507
249.34360129386187	6.984016314148903
235.8104389384389	-6.549146041274071
229.74182279407978	-12.617762185633183
238.73004119098186	-3.629543788731098
232.5371706187725	-9.822414360940456
244.01492632180452	1.6553413420915604
239.94651563465595	-2.4130693450570107
245.02856872230768	2.668983742594719
257.0382006764412	14.67861569672823
237.30794405937195	-5.051640920341015
238.7820299267769	-3.577555052936077
255.66827258467674	13.30868760496378
254.76454978436232	12.404964804649353
223.66705929487944	-18.692525684833527
241.26310000568628	-1.09648497402668
255.20089022815228	12.841305248439312
242.02347775548697	-0.3361072242259979
238.35557629168034	-4.004008688032627
239.17631333321333	-3.183271646499634
240.11090042442083	-2.2486845552921295
228.10383473336697	-14.255750246345997
237.264771848917	-5.094813130795956
207.24598143994808	-35.11360353976488
251.36193681508303	9.002351835370064
238.49702063202858	-3.8625643476843834
242.20359618216753	-0.15598879754543304
233.5779768526554	-8.781608127057552
238.80205473303795	-3.5575302466750145
236.2607505619526	-6.098834417760372
250.64008592814207	8.280500948429108
258.0771306678653	15.717545688152313
235.17128959298134	-7.188295386731625
240.3943293914199	-1.9652555882930756
252.4325217232108	10.072936743497849
234.30408257246017	-8.055502407252789
256.25672356784344	13.897138588130474
243.38647804409266	1.026893064379692
261.4787675961852	19.119182616472244
249.6898936033249	7.330308623611927
250.80483707040548	8.44525209069252
249.01769941300154	6.658114433288574
240.244102537632	-2.1154824420809746
231.64462903141975	-10.714955948293209
239.66443065553904	-2.6951543241739273
256.4159165248275	14.056331545114517
261.228199839592	18.868614859879017
245.0898918658495	2.730306886136532
237.69078223407269	-4.668802745640278
237.70993237942457	-4.649652600288391
242.15462654829025	-0.20495843142271042
229.2727741226554	-13.086810857057571
241.54347908496857	-0.8161058947443962
236.7867804095149	-5.572804570198059
248.8829139843583	6.523329004645348
241.5320731922984	-0.8275117874145508
222.13154217600822	-20.22804280370474
247.77744816243649	5.417863182723522
244.03661932051182	1.6770343407988548
255.16723274439573	12.80764776468277
230.1725511327386	-12.187033846974373
252.52927342802286	10.169688448309898
248.17217907309532	5.8125940933823586
249.29779364913702	6.938208669424057
244.21896805614233	1.859383076429367
239.476021386683	-2.883563593029976
243.8827666863799	1.5231817066669464
236.6494480893016	-5.710136890411377
237.1001553684473	-5.259429611265659
243.20893843472004	0.8493534550070763
255.3764997124672	13.01691473275423
221.50984220206738	-20.849742777645588
223.12343087047338	-19.23615410923958
244.76520596444607	2.4056209847331047
242.32442227005959	-0.03516270965337753
242.38671527802944	0.02713029831647873
241.09970280528069	-1.2598821744322777
272.227756626904	29.868171647191048
247.59798435121775	5.238399371504784
227.12812707573175	-15.231457903981209
244.27292879670858	1.9133438169956207
242.50754179805517	0.14795681834220886
241.3061488121748	-1.053436167538166
235.88263369351625	-6.476951286196709
243.72910905629396	1.3695240765810013
251.16193894296885	8.802353963255882
245.6361734047532	3.276588425040245
257.6847718581557	15.325186878442764
233.08828811347485	-9.271296866238117
239.34835325181484	-3.011231727898121
224.42911897599697	-17.930466003715992
252.11873871833086	9.759153738617897
235.43849081546068	-6.921094164252281
237.47384660691023	-4.885738372802734
260.121335580945	17.761750601232052
244.10336349904537	1.743778519332409
264.3876591771841	22.028074197471142
240.46702785789967	-1.8925571218132973
235.78845320641994	-6.571131773293018
219.67132330685854	-22.688261672854424
261.7472535595298	19.38766857981682
242.7873639166355	0.4277789369225502
245.43624007701874	3.0766550973057747
243.56339702010155	1.2038120403885841
236.92610023915768	-5.433484740555286
252.24581648409367	9.886231504380703
246.9404183626175	4.58083338290453
256.7756635993719	14.416078619658947
244.02599174529314	1.6664067655801773
235.97926273941994	-6.380322240293026
252.05139370262623	9.691808722913265
235.57398457825184	-6.785600401461124
232.34301099926233	-10.01657398045063
239.9515376985073	-2.408047281205654
250.28151972591877	7.921934746205807
240.14538519084454	-2.2141997888684273
239.2743720114231	-3.085212968289852
229.32175136357546	-13.037833616137505
249.50595503300428	7.146370053291321
257.1949879974127	14.835403017699718
243.38086646050215	1.0212814807891846
238.80328936129808	-3.556295618414879
255.72104005515575	13.361455075442791
238.87657298892736	-3.4830119907855988
237.26025807112455	-5.099326908588409
235.69867940992117	-6.660905569791794
242.17890186607838	-0.18068311363458633
246.1335752606392	3.7739902809262276
236.12527886778116	-6.234306111931801
249.54832510650158	7.188740126788616
249.53027325123549	7.170688271522522
241.6549083068967	-0.7046766728162766
256.7558262050152	14.39624122530222
252.03711257874966	9.677527599036694
239.61060556024313	-2.7489794194698334
251.63980727642775	9.280222296714783
257.08082117140293	14.721236191689968
240.64694275707006	-1.7126422226428986
225.37854740023613	-16.981037579476833
242.66295786201954	0.3033728823065758
245.03077410906553	2.6711891293525696
239.07410089671612	-3.2854840829968452
250.65898655354977	8.299401573836803
232.90423287451267	-9.45535210520029
247.67105958610773	5.311474606394768
245.76275788247585	3.40317290276289
250.5821071267128	8.222522146999836
229.62769562005997	-12.731889359652996
232.79654382169247	-9.563041158020496
241.43320536613464	-0.9263796135783195
250.27760954201221	7.918024562299252
224.75346525013447	-17.606119729578495
226.99546910822392	-15.364115871489048
249.88759700208902	7.5280120223760605
239.09426469355822	-3.265320286154747
248.95458386093378	6.594998881220818
239.4942260980606	-2.865358881652355
257.49416556954384	15.134580589830875
246.6198348775506	4.260249897837639
240.54468877613544	-1.8148962035775185
243.69963647425175	1.340051494538784
254.17831790447235	11.818732924759388
251.22415214776993	8.864567168056965
251.37327994406223	9.01369496434927
240.19679521769285	-2.162789762020111
251.00898523628712	8.649400256574154
227.49405360221863	-14.865531377494335
246.98759263008833	4.628007650375366
224.48558305948973	-17.874001920223236
263.0909476131201	20.731362633407116
242.7679836973548	0.40839871764183044
236.91817523539066	-5.4414097443223
231.58021590858698	-10.779369071125984
233.66971787065268	-8.689867109060287
224.92608303576708	-17.433501943945885
231.43761011213064	-10.921974867582321
251.96375178545713	9.604166805744171
248.95004542917013	6.590460449457169
247.628349237144	5.26876425743103
255.13316908478737	12.773584105074406
248.36967878043652	6.010093800723553
237.13082125037909	-5.228763729333878
232.42117588967085	-9.938409090042114
258.6178060248494	16.25822104513645
239.96452762931585	-2.39505735039711
257.444442614913	15.084857635200024
249.4364628866315	7.076877906918526
235.6735514998436	-6.686033479869366
233.36012783646584	-8.999457143247128
238.3863020464778	-3.9732829332351685
237.8083408921957	-4.5512440875172615
242.86687916517258	0.5072941854596138
237.74453349411488	-4.615051485598087
229.9349058791995	-12.424679100513458
226.9639189094305	-15.39566607028246
235.36657778918743	-6.993007190525532
237.38979798555374	-4.969786994159222
249.3400086015463	6.980423621833324
236.60661375522614	-5.752971224486828
263.1193741261959	20.759789146482944
229.5165949165821	-12.842990063130856
240.9790591970086	-1.3805257827043533
239.8846947774291	-2.4748902022838593
