Ea=81.69996746629477	delta_Ea
76.38932752609253	-5.310639940202236
80.82874958217144	-0.8712178841233253
80.81991298496723	-0.8800544813275337
87.08207312971354	5.38210566341877
81.07341112196445	-0.6265563443303108
85.9624810218811	4.262513555586338
75.03500610589981	-6.664961360394955
70.89797623455524	-10.801991231739521
95.78163370490074	14.081666238605976
90.71183425188065	9.01186678558588
80.83326487988234	-0.8667025864124298
81.95157539844513	0.2516079321503639
82.45166990906	0.7517024427652359
75.45087890326977	-6.249088563024998
85.40652906149626	3.7065615952014923
79.79615902900696	-1.9038084372878075
83.46140599995852	1.7614385336637497
95.04166153818369	13.341694071888924
89.34777937829494	7.647811912000179
86.02140539139509	4.3214379251003265
81.71670252084732	0.016735054552555084
87.40379871428013	5.703831247985363
75.75117585808039	-5.948791608214378
83.04039284586906	1.3404253795742989
93.39884636551142	11.698878899216652
87.87356208264828	6.173594616353512
79.3040454313159	-2.3959220349788666
72.11475157737732	-9.585215888917446
84.47004196047783	2.7700744941830635
80.15463808178902	-1.5453293845057487
67.8407339528203	-13.859233513474464
93.07819253206253	11.378225065767765
76.51762638241053	-5.182341083884239
72.53846252709627	-9.161504939198494
79.34807480871677	-2.3518926575779915
95.03045415133238	13.330486685037613
90.63412629812956	8.934158831834793
71.45534594357014	-10.244621522724628
95.21856822818518	13.518600761890411
88.19692505896091	6.496957592666149
84.59537921100855	2.8954117447137833
78.45791123062372	-3.2420562356710434
71.50375582277775	-10.196211643517017
86.87483786791563	5.174870401620865
82.91362190246582	1.2136544361710548
72.86499939113855	-8.834968075156212
92.41869032382965	10.718722857534885
76.62799517810345	-5.0719722881913185
92.12039743363857	10.420429967343807
76.8834145590663	-4.81655290722847
75.99184148013592	-5.708125986158848
79.7142718732357	-1.985695593059063
93.50384283065796	11.803875364363194
81.11489651352167	-0.5850709527730942
87.10867021232843	5.4087027460336685
77.90835651755333	-3.791610948741436
91.90281067043543	10.202843204140663
79.39000827074051	-2.3099591955542564
77.70043660700321	-3.9995308592915535
87.58828943222761	5.888321965932846
82.7707896232605	1.0708221569657326
74.88223253190517	-6.817734934389591
82.27308684587479	0.5731193795800209
90.02851516753435	8.328547701239586
74.53919876366854	-7.160768702626228
81.38559206575155	-0.3143754005432129
89.10208413004875	7.402116663753986
84.188391469419	2.488424003124237
69.94084884226322	-11.759118624031544
71.48680556565523	-10.213161900639534
93.9085921049118	12.208624638617039
82.64034260064363	0.9403751343488693
84.72790358960629	3.0279361233115196
84.15355789661407	2.4535904303193092
81.53502623736858	-0.1649412289261818
77.42433370649815	-4.275633759796619
78.42402151972055	-3.275945946574211
78.23623622953892	-3.463731236755848
73.42445334792137	-8.275514118373394
87.01801632344723	5.318048857152462
80.42363242059946	-1.2763350456953049
85.15171907842159	3.4517516121268272
89.37298456579447	7.6730170994997025
85.17096461355686	3.4709971472620964
76.94877039641142	-4.751197069883347
83.82002913951874	2.1200616732239723
79.60656770318747	-2.0933997631073
90.06338334083557	8.363415874540806
78.7975083142519	-2.9024591520428658
83.59318789094687	1.8932204246520996
88.28319508582354	6.5832276195287704
77.61086151748896	-4.089105948805809
79.49742051959038	-2.2025469467043877
80.27261663973331	-1.427350826561451
80.68709433078766	-1.0128731355071068
89.97215141355991	8.272183947265148
80.1343574076891	-1.565610058605671
68.09335681796074	-13.606610648334026
80.13557589054108	-1.5643915757536888
73.2161532714963	-8.48381419479847
88.15135554224253	6.4513880759477615
67.05005470663309	-14.649912759661674
98.01927728205919	16.319309815764427
84.03539329767227	2.3354258313775063
72.91675091534853	-8.783216550946236
80.23430738598108	-1.4656600803136826
84.55266869068146	2.852701224386692
76.93285642564297	-4.767111040651798
84.67978716641665	2.9798197001218796
78.6940124630928	-3.0059550032019615
89.06442841142416	7.3644609451293945
78.20516463369131	-3.4948028326034546
85.77243646234274	4.072468996047974
82.58761090040207	0.8876434341073036
84.19778870791197	2.4978212416172028
81.34702324867249	-0.3529442176222801
83.12687706947327	1.4269096031785011
77.96307797729969	-3.7368894889950752
79.64646188169718	-2.0535055845975876
92.07254381477833	10.372576348483562
86.36702084541321	4.6670533791184425
74.49053978919983	-7.209427677094936
81.2287178710103	-0.471249595284462
79.80616510659456	-1.893802359700203
86.94965540617704	5.249687939882278
93.00839986652136	11.308432400226593
84.11786701530218	2.4178995490074158
83.44762417674065	1.747656710445881
90.26793892681599	8.567971460521221
84.0007661357522	2.3007986694574356
84.91318564862013	3.213218182325363
65.60646761208773	-16.09349985420704
82.08616848289967	0.38620101660490036
81.30008954554796	-0.3998779207468033
79.98661925643682	-1.7133482098579407
95.66512782871723	13.965160362422466
78.3446054160595	-3.3553620502352715
69.35795547813177	-12.342011988162994
79.64366438984871	-2.0563030764460564
82.71255707740784	1.0125896111130714
78.791025146842	-2.9089423194527626
78.66388865560293	-3.0360788106918335
84.96934174001217	3.2693742737174034
87.62847547233105	5.928508006036282
81.96930350363255	0.26933603733778
84.01592871546745	2.3159612491726875
84.32760649174452	2.627639025449753
83.10901372879744	1.4090462625026703
83.18372660130262	1.4837591350078583
95.85925731807947	14.159289851784706
78.92117942869663	-2.778788037598133
85.54300545156002	3.843037985265255
81.63269513845444	-0.06727232784032822
70.00050456821918	-11.69946289807558
87.43058381229639	5.730616346001625
85.80686691403389	4.106899447739124
80.74804551899433	-0.9519219473004341
75.72995200753212	-5.970015458762646
79.92114240676165	-1.7788250595331192
82.39221405237913	0.6922465860843658
93.87190624326468	12.17193877696991
88.08604546636343	6.3860780000686646
79.76906271278858	-1.9309047535061836
88.05868528038263	6.358717814087868
75.83294928818941	-5.867018178105354
80.12687236815691	-1.5730950981378555
81.09381741285324	-0.6061500534415245
76.9176684692502	-4.782298997044563
87.380659930408	5.6806924641132355
82.41908173263073	0.7191142663359642
67.96110698580742	-13.738860480487347
72.21920063346624	-9.480766832828522
87.69785353541374	5.997886069118977
80.89100025594234	-0.8089672103524208
77.00503432750702	-4.694933138787746
83.43386138230562	1.7338939160108566
87.37367931008339	5.673711843788624
73.96719269454479	-7.732774771749973
83.79719287157059	2.0972254052758217
70.70867379754782	-10.991293668746948
87.59534230828285	5.895374841988087
90.61617283523083	8.916205368936062
69.16213094443083	-12.537836521863937
81.7159097418189	0.015942275524139404
76.51012869179249	-5.189838774502277
81.89799984544516	0.19803237915039062
87.71008691191673	6.010119445621967
91.09388425946236	9.393916793167591
86.52542904764414	4.825461581349373
75.37212353944778	-6.327843926846981
81.6293118223548	-0.07065564393997192
79.62999554723501	-2.0699719190597534
87.45230829715729	5.752340830862522
75.90325632691383	-5.796711139380932
96.82689978927374	15.126932322978973
80.79432586580515	-0.9056416004896164
71.96738641709089	-9.732581049203873
73.31057370454073	-8.389393761754036
76.54510195553303	-5.154865510761738
85.69130712747574	3.991339661180973
77.57014171779156	-4.129825748503208
86.47377301007509	4.773805543780327
87.04569736868143	5.345729902386665
78.02905438840389	-3.670913077890873
71.67218514531851	-10.027782320976257
77.23602653294802	-4.463940933346748
81.1618585512042	-0.5381089150905609
87.4253241494298	5.725356683135033
77.679861754179	-4.020105712115765
83.99350845068693	2.293540984392166
83.4071464985609	1.70717903226614
73.557157933712	-8.14280953258276
67.13182027637959	-14.56814718991518
87.9992465376854	6.299279071390629
74.1744150519371	-7.525552414357662
76.97787766903639	-4.722089797258377
84.47820777446032	2.7782403081655502
83.59193398803473	1.8919665217399597
84.51950494199991	2.819537475705147
78.58272927999496	-3.117238186299801
82.1898343861103	0.4898669198155403
78.64788956195116	-3.052077904343605
95.31252028048038	13.61255281418562
79.33518452942371	-2.364782936871052
74.55138739943504	-7.148580066859722
82.07687848806381	0.3769110217690468
88.88447066396475	7.184503197669983
76.4206091016531	-5.279358364641666
90.89392583817244	9.19395837187767
77.5842252522707	-4.115742214024067
86.50516083836555	4.805193372070789
82.32602279633284	0.6260553300380707
87.84570994973183	6.145742483437061
84.22927963733673	2.5293121710419655
75.04196555912495	-6.658001907169819
81.37247675657272	-0.3274907097220421
87.54803562164307	5.848068155348301
94.22373965382576	12.523772187530994
80.937185741961	-0.7627817243337631
76.24468771368265	-5.455279752612114
75.16201581060886	-6.537951655685902
84.89384111762047	3.1938736513257027
70.99763706326485	-10.702330403029919
83.3254240527749	1.6254565864801407
69.51617117971182	-12.183796286582947
85.5176674798131	3.8177000135183334
84.85475862771273	3.154791161417961
86.47314296662807	4.773175500333309
75.81612592190504	-5.883841544389725
83.42008083313704	1.72011336684227
87.4502774849534	5.750310018658638
78.93853385001421	-2.7614336162805557
77.22781278192997	-4.472154684364796
92.37575655430555	10.675789088010788
91.02160271257162	9.321635246276855
83.72873979061842	2.028772324323654
84.5360302105546	2.8360627442598343
86.293875426054	4.593907959759235
82.923608019948	1.2236405536532402
72.02302544564009	-9.676942020654678
69.06831930577755	-12.631648160517216
85.9872917085886	4.287324242293835
68.85780712217093	-12.84216034412384
91.06577128916979	9.365803822875023
85.47047080099583	3.7705033347010612
78.12972282618284	-3.570244640111923
85.8471564128995	4.147188946604729
90.28381833434105	8.583850868046284
74.27134938538074	-7.4286180809140205
84.60785564780235	2.9078881815075874
72.86687140911818	-8.83309605717659
87.08161621540785	5.381648749113083
96.95922175049782	15.259254284203053
88.19177603721619	6.491808570921421
85.6212150901556	3.921247623860836
75.8262242153287	-5.873743250966072
80.13767682015896	-1.562290646135807
83.12234912067652	1.422381654381752
79.37591471523046	-2.3240527510643005
86.48519191145897	4.785224445164204
94.58502598106861	12.885058514773846
91.4081305488944	9.70816308259964
91.68325220048428	9.98328473418951
82.39406196027994	0.6940944939851761
75.08626826107502	-6.613699205219746
77.97418474406004	-3.725782722234726
78.74945708364248	-2.9505103826522827
83.87684415280819	2.176876686513424
94.62980487197638	12.92983740568161
73.89606064558029	-7.803906820714474
83.9563827291131	2.2564152628183365
85.95822833478451	4.258260868489742
84.09008452296257	2.3901170566678047
86.55706953257322	4.857102066278458
74.4062854424119	-7.293682023882866
81.01337746530771	-0.6865900009870529
94.3854023590684	12.685434892773628
74.47155903279781	-7.228408433496952
87.10914810746908	5.409180641174316
82.72296841442585	1.0230009481310844
84.05153605341911	2.3515685871243477
90.923983104527	9.224015638232231
68.65471444278955	-13.04525302350521
86.92378031462431	5.223812848329544
92.67410109937191	10.974133633077145
70.00696282088757	-11.6930046454072
71.59353011101484	-10.106437355279922
73.72760099172592	-7.972366474568844
86.91243871301413	5.21247124671936
85.34046490490437	3.6404974386096
83.39809543639421	1.6981279700994492
80.89374601840973	-0.8062214478850365
84.11192286759615	2.411955401301384
86.10343707352877	4.403469607234001
75.55824491381645	-6.1417225524783134
81.13830748200417	-0.5616599842905998
86.44341888278723	4.743451416492462
79.75278788805008	-1.9471795782446861
76.02374359220266	-5.676223874092102
83.79137193411589	2.091404467821121
77.6490513458848	-4.0509161204099655
85.50781378895044	3.807846322655678
76.76284892857075	-4.937118537724018
78.85686876624823	-2.8430987000465393
79.0729403719306	-2.6270270943641663
81.55646927654743	-0.14349818974733353
88.38188192248344	6.681914456188679
74.205407820642	-7.494559645652771
83.88850826770067	2.1885408014059067
79.56725791841745	-2.1327095478773117
85.00348932296038	3.3035218566656113
72.11206875741482	-9.587898708879948
74.42833978682756	-7.271627679467201
86.08753218501806	4.387564718723297
84.47335346788168	2.773386001586914
89.85371262580156	8.153745159506798
76.14878014475107	-5.5511873215436935
82.31930237263441	0.6193349063396454
67.46330174058676	-14.236665725708008
83.40897171199322	1.709004245698452
72.72385111451149	-8.976116351783276
71.98614994436502	-9.713817521929741
77.63805976510048	-4.061907701194286
82.00187090039253	0.3019034340977669
86.14792689681053	4.447959430515766
75.78184529393911	-5.918122172355652
78.41902159899473	-3.2809458673000336
82.09346918016672	0.39350171387195587
96.52586808055639	14.825900614261627
79.82068794220686	-1.8792795240879059
77.70630264282227	-3.9936648234725
82.89759014546871	1.1976226791739464
84.49056497216225	2.7905975058674812
79.54285142570734	-2.1571160405874252
80.90874081104994	-0.7912266552448273
88.68965821713209	6.989690750837326
78.70900978147984	-2.99095768481493
85.58553127199411	3.8855638056993484
81.75724682956934	0.05727936327457428
90.28912123292685	8.58915376663208
91.59809512645006	9.898127660155296
84.27273227274418	2.5727648064494133
84.06521099060774	2.365243524312973
83.9067685380578	2.2068010717630386
77.53141671419144	-4.168550752103329
78.4777011051774	-3.222266361117363
77.58865205943584	-4.111315406858921
75.00380163639784	-6.696165829896927
86.28287560492754	4.582908138632774
85.906070291996	4.206102825701237
78.56603816151619	-3.133929304778576
84.3039518892765	2.603984422981739
88.11987960338593	6.41991213709116
89.8878810852766	8.187913618981838
73.28805160522461	-8.411915861070156
74.61286430805922	-7.08710315823555
83.75705632567406	2.0570888593792915
88.73695783317089	7.036990366876125
89.81840669363737	8.118439227342606
72.88759348541498	-8.812373980879784
82.65852037072182	0.9585529044270515
81.2800900414586	-0.41987742483615875
75.56134466081858	-6.138622805476189
74.28857640177011	-7.411391064524651
73.73962591588497	-7.960341550409794
80.04370576143265	-1.6562617048621178
87.96755880117416	6.267591334879398
78.64971995353699	-3.050247512757778
93.70568708330393	12.005719617009163
75.84633956104517	-5.853627905249596
76.5804056674242	-5.1195617988705635
89.01541019231081	7.315442726016045
85.18086547404528	3.480898007750511
76.68993264436722	-5.0100348219275475
94.51678140461445	12.816813938319683
80.86228171736002	-0.8376857489347458
81.59740082919598	-0.10256663709878922
86.73235741257668	5.03238994628191
86.605036303401	4.905068837106228
82.05047166347504	0.35050419718027115
78.14527318626642	-3.554694280028343
93.78887681663036	12.088909350335598
83.75339306890965	2.0534256026148796
79.49045930057764	-2.209508165717125
75.30215013027191	-6.397817336022854
87.57981105148792	5.879843585193157
68.5925552174449	-13.107412248849869
73.00284394621849	-8.697123520076275
74.66106276214123	-7.038904704153538
89.27779726684093	7.577829800546169
84.64779718220234	2.9478297159075737
78.19448606669903	-3.5054813995957375
93.33391155302525	11.63394408673048
80.69411531090736	-1.0058521553874016
84.75039645284414	3.0504289865493774
77.90329787135124	-3.7966695949435234
75.37061535567045	-6.329352110624313
84.85962997376919	3.1596625074744225
69.23894760757685	-12.461019858717918
85.5874984189868	3.887530952692032
75.4726470708847	-6.227320395410061
82.5661796182394	0.8662121519446373
81.55580426752567	-0.14416319876909256
77.17795184254646	-4.5220156237483025
83.07457476109266	1.3746072947978973
78.20178209990263	-3.4981853663921356
84.34230732172728	2.6423398554325104
83.364666223526	1.6646987572312355
90.92202159762383	9.22205413132906
81.09052634239197	-0.6094411239027977
82.85653844475746	1.156570978462696
78.95476760715246	-2.7451998591423035
85.67048310488462	3.970515638589859
87.13608311116695	5.436115644872189
92.83365013450384	11.133682668209076
79.8732161000371	-1.8267513662576675
87.3557552844286	5.655787818133831
85.4025374352932	3.702569968998432
82.49861223995686	0.7986447736620903
80.2800879701972	-1.4198794960975647
85.00792195647955	3.307954490184784
79.55883144587278	-2.141136020421982
86.64804843813181	4.948080971837044
86.79349065572023	5.0935231894254684
88.25910788029432	6.5591404139995575
80.12592590600252	-1.574041560292244
73.8049291819334	-7.8950382843613625
77.5934247970581	-4.10654266923666
73.23468363285065	-8.465283833444118
72.54971770942211	-9.150249756872654
75.71159467101097	-5.988372795283794
94.97191102057695	13.271943554282188
83.82086136937141	2.1208939030766487
75.25672665983438	-6.4432408064603806
78.8319718465209	-2.8679956197738647
84.35560783743858	2.655640371143818
75.03387127071619	-6.666096195578575
84.3202932998538	2.6203258335590363
86.53858323395252	4.838615767657757
80.59256766736507	-1.1073997989296913
90.65889446437359	8.958926998078823
90.01646228134632	8.316494815051556
83.2206711396575	1.520703673362732
74.90938354283571	-6.790583923459053
76.15531003475189	-5.544657431542873
101.02590252459049	19.325935058295727
76.30170641094446	-5.398261055350304
80.02538049221039	-1.6745869740843773
71.8883576542139	-9.81160981208086
71.01599811017513	-10.683969356119633
75.50263664126396	-6.197330825030804
85.69618161022663	3.9962141439318657
77.2295988202095	-4.470368646085262
83.89412968605757	2.194162219762802
81.77470302581787	0.07473555952310562
73.83614978194237	-7.863817684352398
83.22830725461245	1.5283397883176804
71.6301498785615	-10.069817587733269
80.16194821149111	-1.5380192548036575
84.85661496222019	3.1566474959254265
85.6143511235714	3.9143836572766304
92.19679564982653	10.496828183531761
79.980752825737	-1.719214640557766
92.68471770733595	10.984750241041183
87.21997398883104	5.520006522536278
87.34979644417763	5.649828977882862
85.55364059656858	3.853673130273819
82.06627289950848	0.3663054332137108
79.49175442010164	-2.208213046193123
86.18382807821035	4.483860611915588
80.17075153440237	-1.529215931892395
89.94917438179255	8.24920691549778
82.19156032055616	0.4915928542613983
78.92743010818958	-2.7725373581051826
68.831571996212	-12.86839547008276
87.00558391213417	5.305616445839405
89.72021454572678	8.02024707943201
81.5373527482152	-0.16261471807956696
82.56339179724455	0.8634243309497833
88.54041010141373	6.840442635118961
87.18972055613995	5.4897530898451805
85.30306453257799	3.603097066283226
76.80563117563725	-4.89433629065752
81.36735619604588	-0.3326112702488899
92.40401773899794	10.70405027270317
77.15191148966551	-4.548055976629257
79.29964129626751	-2.400326170027256
84.96875984966755	3.2687923833727837
71.1083617284894	-10.591605737805367
76.93668062239885	-4.763286843895912
82.2001349106431	0.5001674443483353
79.19762993603945	-2.5023375302553177
80.27354910969734	-1.4264183565974236
80.37635935097933	-1.3236081153154373
83.49400907754898	1.7940416112542152
84.6433831974864	2.943415731191635
81.81040557473898	0.11043810844421387
81.5843491256237	-0.11561834067106247
86.5652738288045	4.8653063625097275
73.06140419840813	-8.638563267886639
86.81814030557871	5.118172839283943
81.96556743979454	0.26559997349977493
78.01010266691446	-3.6898647993803024
80.9598382934928	-0.7401291728019714
84.08107614517212	2.3811086788773537
71.37778545171022	-10.322182014584541
77.98722506314516	-3.712742403149605
79.96644814312458	-1.733519323170185
78.3377900570631	-3.3621774092316628
84.99294398725033	3.2929765209555626
72.97028784453869	-8.729679621756077
79.28356135636568	-2.4164061099290848
73.39973895251751	-8.300228513777256
81.30562760680914	-0.3943398594856262
93.48684579879045	11.78687833249569
89.0254337862134	7.3254663199186325
84.3391182795167	2.6391508132219315
77.86853594332933	-3.831431522965431
84.07672590762377	2.3767584413290024
85.40910121053457	3.709133744239807
86.83609277009964	5.136125303804874
70.38352452218533	-11.31644294410944
78.58239672333002	-3.1175707429647446
86.26469853520393	4.564731068909168
87.95794323831797	6.257975772023201
93.1540162935853	11.454048827290535
78.82115774601698	-2.8788097202777863
85.4476733058691	3.747705839574337
96.82477997243404	15.124812506139278
85.9634358137846	4.263468347489834
78.75018718093634	-2.949780285358429
90.42705821990967	8.727090753614902
78.26307870447636	-3.436888761818409
79.32972878217697	-2.370238684117794
75.11366681754589	-6.586300648748875
93.45738989114761	11.757422424852848
86.9137881025672	5.21382063627243
92.73576011508703	11.035792648792267
73.6405493170023	-8.059418149292469
80.14906872808933	-1.550898738205433
77.86726643890142	-3.832701027393341
74.45999474823475	-7.239972718060017
79.34780432283878	-2.352163143455982
77.92643053084612	-3.7735369354486465
87.63654115051031	5.936573684215546
89.3997603431344	7.699792876839638
84.63647556304932	2.936508096754551
93.22076174616814	11.520794279873371
85.44727212190628	3.747304655611515
83.14127019792795	1.4413027316331863
73.39822871983051	-8.301738746464252
79.7877373918891	-1.9122300744056702
73.57982178777456	-8.120145678520203
99.94740632921457	18.247438862919807
84.0126749202609	2.3127074539661407
69.24037312716246	-12.459594339132309
81.69745837152004	-0.002509094774723053
74.66295351833105	-7.037013947963715
74.30078236758709	-7.399185098707676
74.16825734078884	-7.531710125505924
79.59251663833857	-2.1074508279561996
83.18369738012552	1.4837299138307571
92.17359033226967	10.473622865974903
77.96222914755344	-3.7377383187413216
85.44325559586287	3.7432881295681
77.31993889063597	-4.380028575658798
80.54706247150898	-1.1529049947857857
82.42986995726824	0.7299024909734726
86.8529651761055	5.152997709810734
85.16526812314987	3.4653006568551064
75.75643020868301	-5.943537257611752
81.0289199501276	-0.6710475161671638
82.45180540531874	0.7518379390239716
82.47763914614916	0.777671679854393
89.15388882905245	7.453921362757683
76.82317594438791	-4.876791521906853
82.59372981637716	0.8937623500823975
82.47544001042843	0.7754725441336632
77.92263827472925	-3.7773291915655136
83.4040245115757	1.7040570452809334
81.66096387803555	-0.03900358825922012
77.26922178268433	-4.430745683610439
78.6051474660635	-3.094820000231266
91.46847854554653	9.768511079251766
100.79741843044758	19.097450964152813
84.83632844686508	3.1363609805703163
81.53060382604599	-0.16936364024877548
78.75279612839222	-2.947171337902546
88.16385215520859	6.463884688913822
71.751389272511	-9.94857819378376
78.77597364783287	-2.923993818461895
72.5672259926796	-9.13274147361517
80.94966559112072	-0.7503018751740456
84.77749267220497	3.077525205910206
90.08129079639912	8.381323330104351
75.23684399574995	-6.463123470544815
76.47949339449406	-5.220474071800709
84.40920995175838	2.7092424854636192
80.99772319197655	-0.7022442743182182
75.07553760707378	-6.624429859220982
84.09288247674704	2.3929150104522705
82.83385307341814	1.133885607123375
95.08821505308151	13.388247586786747
86.28884670883417	4.588879242539406
88.76842760294676	7.068460136651993
85.10462801903486	3.404660552740097
66.52598340064287	-15.173984065651894
80.74830577522516	-0.951661691069603
91.0364929959178	9.336525529623032
76.7061754912138	-4.993791975080967
85.71982961893082	4.019862152636051
89.34821902960539	7.648251563310623
84.96474789083004	3.2647804245352745
91.91513434052467	10.215166874229908
87.96427877992392	6.26431131362915
89.32521388679743	7.625246420502663
88.60275124758482	6.902783781290054
79.70520666986704	-1.9947607964277267
72.80044563859701	-8.899521827697754
78.7351554185152	-2.96481204777956
90.01897582411766	8.319008357822895
79.58078937232494	-2.119178093969822
84.48579888045788	2.7858314141631126
78.39390356093645	-3.3060639053583145
88.76470597088337	7.064738504588604
79.92064228653908	-1.7793251797556877
91.35322171449661	9.653254248201847
79.90495993942022	-1.7950075268745422
76.5632513910532	-5.136716075241566
83.59368658065796	1.8937191143631935
82.74860680103302	1.0486393347382545
87.00315464287996	5.3031871765851974
82.6566244661808	0.9566569998860359
71.36291758716106	-10.337049879133701
80.08001962304115	-1.6199478432536125
75.70736375451088	-5.992603711783886
82.15276286005974	0.4527953937649727
78.83667427301407	-2.863293193280697
76.56577399373055	-5.13419347256422
83.5894226282835	1.8894551619887352
95.96484842151403	14.264880955219269
92.51518235355616	10.81521488726139
92.43656854331493	10.736601077020168
78.72701702266932	-2.97295044362545
83.43106980621815	1.7311023399233818
93.24148749560118	11.541520029306412
82.93597185611725	1.236004389822483
89.57689818739891	7.876930721104145
79.62747240811586	-2.0724950581789017
66.4953351020813	-15.204632364213467
77.2599903345108	-4.439977131783962
80.70197824388742	-0.997989222407341
88.1559439226985	6.455976456403732
75.50840073823929	-6.191566728055477
80.3960435166955	-1.303923949599266
80.28584461659193	-1.414122849702835
75.07489168643951	-6.625075779855251
92.65264353901148	10.952676072716713
69.03988594561815	-12.660081520676613
77.59866239130497	-4.101305074989796
78.87671981006861	-2.823247656226158
80.41028241068125	-1.2896850556135178
88.83561050891876	7.135643042623997
83.81880420446396	2.1188367381691933
80.0188341960311	-1.6811332702636719
82.6194891706109	0.9195217043161392
75.78200883418322	-5.917958632111549
80.90188154578209	-0.7980859205126762
72.69289859384298	-9.007068872451782
80.76830097287893	-0.9316664934158325
72.23589650541544	-9.464070960879326
80.42396765947342	-1.2759998068213463
82.8907911926508	1.1908237263560295
83.97788700461388	2.277919538319111
75.6431524604559	-6.056815005838871
80.39016124606133	-1.3098062202334404
83.83557896316051	2.1356114968657494
88.23566679656506	6.53569933027029
89.11659425497055	7.416626788675785
74.55182995647192	-7.1481375098228455
80.25866654515266	-1.4413009211421013
77.19368858635426	-4.50627887994051
74.29991747438908	-7.400049991905689
79.77016840875149	-1.9297990575432777
84.12824841588736	2.4282809495925903
89.98450170457363	8.284534238278866
82.6073594391346	0.9073919728398323
74.86003536731005	-6.839932098984718
72.22648420929909	-9.473483256995678
76.67548406124115	-5.024483405053616
85.31357185542583	3.613604389131069
74.33226995915174	-7.367697507143021
82.81780347973108	1.1178360134363174
92.53834231197834	10.838374845683575
82.91454315930605	1.2145756930112839
81.2432162463665	-0.4567512199282646
86.47204573452473	4.772078268229961
76.75388690829277	-4.946080558001995
76.81533145159483	-4.884636014699936
85.70496099442244	4.00499352812767
87.6772693619132	5.977301895618439
76.51014374941587	-5.189823716878891
83.76045635342598	2.060488887131214
72.79420109838247	-8.905766367912292
77.58662295341492	-4.1133445128798485
77.52966923266649	-4.170298233628273
71.05973568558693	-10.640231780707836
82.16511422395706	0.4651467576622963
83.60227104276419	1.9023035764694214
80.95212471485138	-0.7478427514433861
71.57852284610271	-10.121444620192051
76.88762015849352	-4.812347307801247
86.1027110889554	4.402743622660637
90.00509397685528	8.305126510560513
78.34887182712555	-3.351095639169216
85.461042098701	3.7610746324062347
76.34529658406973	-5.354670882225037
78.30482016503811	-3.3951473012566566
93.72773846238852	12.02777099609375
97.1583179011941	15.45835043489933
77.63352336734533	-4.066444098949432
82.96429553627968	1.2643280699849129
79.3347330018878	-2.365234464406967
89.17180997133255	7.471842505037785
83.12565463781357	1.4256871715188026
71.41709523648024	-10.28287222981453
86.08167906105518	4.381711594760418
93.60746091604233	11.907493449747562
78.63428668677807	-3.065680779516697
85.32067987322807	3.6207124069333076
89.46251159906387	7.762544132769108
72.81274630874395	-8.887221157550812
71.97749602049589	-9.722471445798874
78.07783164829016	-3.622135818004608
78.5038364380598	-3.1961310282349586
83.27127464860678	1.5713071823120117
81.25619398057461	-0.4437734857201576
73.99609836935997	-7.703869096934795
76.35626269876957	-5.343704767525196
97.72494523227215	16.024977765977383
90.7799077630043	9.079940296709538
86.314628072083	4.614660605788231
73.09684880077839	-8.603118665516376
86.46762579679489	4.767658330500126
78.80453581362963	-2.8954316526651382
81.71196646988392	0.01199900358915329
73.57627173513174	-8.123695731163025
89.11761728674173	7.417649820446968
80.18913891166449	-1.5108285546302795
78.68449730426073	-3.0154701620340347
77.2455168813467	-4.454450584948063
83.56819636374712	1.8682288974523544
68.04273268580437	-13.657234780490398
77.41993567347527	-4.2800317928195
85.7421195730567	4.042152106761932
87.16518709808588	5.465219631791115
92.0269707813859	10.327003315091133
72.85060258954763	-8.849364876747131
74.31524037569761	-7.384727090597153
82.26541961729527	0.5654521510004997
73.5604949221015	-8.139472544193268
70.29727144539356	-11.402696020901203
74.48655637353659	-7.213411092758179
78.14957707375288	-3.5503903925418854
77.92702626436949	-3.7729412019252777
85.86695408076048	4.1669866144657135
87.14015460014343	5.440187133848667
82.62378139793873	0.9238139316439629
83.11371484398842	1.413747377693653
84.09033449739218	2.390367031097412
83.49764876067638	1.7976812943816185
83.97359530627728	2.2736278399825096
91.2755661830306	9.57559871673584
71.20525347441435	-10.494713991880417
89.55519297719002	7.855225510895252
80.45274017751217	-1.2472272887825966
86.87405871599913	5.174091249704361
87.24644546210766	5.546477995812893
77.93665670603514	-3.7633107602596283
81.91804421693087	0.21807675063610077
81.99654152989388	0.29657406359910965
80.64505871385336	-1.0549087524414062
90.71952614188194	9.019558675587177
84.31293148547411	2.612964019179344
73.16377457231283	-8.536192893981934
82.17871088534594	0.47874341905117035
88.04485442489386	6.344886958599091
75.91467083245516	-5.785296633839607
91.74491640925407	10.044948942959309
94.28650077432394	12.586533308029175
69.32428632676601	-12.375681139528751
92.84680926054716	11.146841794252396
74.8450379371643	-6.854929529130459
70.64203476905823	-11.057932697236538
92.92225321382284	11.222285747528076
95.80809719115496	14.108129724860191
81.97858068346977	0.27861321717500687
69.22040670365095	-12.479560762643814
87.98335509747267	6.283387631177902
78.75231025367975	-2.947657212615013
85.6346845254302	3.934717059135437
95.01386667788029	13.313899211585522
89.20197377353907	7.502006307244301
83.33759915083647	1.6376316845417023
93.78140906244516	12.081441596150398
86.96322252601385	5.263255059719086
92.99224833399057	11.292280867695808
86.48635754734278	4.786390081048012
92.34334176778793	10.643374301493168
77.06029775738716	-4.639669708907604
66.51860491931438	-15.181362546980381
81.43637157976627	-0.263595886528492
85.38637226819992	3.686404801905155
82.30424242466688	0.6042749583721161
87.69325885176659	5.993291385471821
76.9908237606287	-4.709143705666065
75.72560338675976	-5.9743640795350075
76.5251382291317	-5.174829237163067
86.7898947224021	5.08992725610733
76.4763687774539	-5.223598688840866
78.29493024945259	-3.4050372168421745
89.64366219937801	7.943694733083248
66.7200504988432	-14.979916967451572
88.17756637185812	6.4775989055633545
77.90272512286901	-3.7972423434257507
74.46553644537926	-7.234431020915508
88.78810602426529	7.088138557970524
77.35155943781137	-4.348408028483391
75.49751684814692	-6.20245061814785
87.73988881707191	6.039921350777149
87.16304107755423	5.4630736112594604
87.08675314486027	5.386785678565502
89.04595842957497	7.345990963280201
85.1509755179286	3.451008051633835
82.55633936822414	0.8563719019293785
82.84914691746235	1.1491794511675835
81.94146668165922	0.24149921536445618
80.74869266152382	-0.9512748047709465
73.80328560620546	-7.896681860089302
78.16067838668823	-3.539289079606533
84.35069641470909	2.6507289484143257
80.06914104521275	-1.6308264210820198
77.96259087324142	-3.737376593053341
76.26260896772146	-5.437358498573303
87.27024728059769	5.570279814302921
77.10036589205265	-4.599601574242115
74.16196308284998	-7.538004383444786
84.72370244562626	3.0237349793314934
102.37809101492167	20.6781235486269
74.6647590175271	-7.035208448767662
82.02940797805786	0.32944051176309586
78.26783962547779	-3.4321278408169746
96.15087292343378	14.450905457139015
82.46315661072731	0.7631891444325447
69.34952970594168	-12.350437760353088
83.39320849627256	1.6932410299777985
72.15125838667154	-9.548709079623222
81.21960630267859	-0.4803611636161804
78.61916696280241	-3.0808005034923553
73.22391598671675	-8.476051479578018
77.05304619669914	-4.646921269595623
85.00493463873863	3.3049671724438667
90.13581894338131	8.435851477086544
75.31432449817657	-6.385642968118191
82.59226816892624	0.8923007026314735
85.44702032953501	3.747052863240242
86.09441156685352	4.394444100558758
91.30394813418388	9.603980667889118
85.15693257004023	3.4569651037454605
78.99657914042473	-2.703388325870037
81.24078053236008	-0.45918693393468857
77.56745810061693	-4.132509365677834
87.45093872398138	5.750971257686615
79.07714831829071	-2.622819148004055
75.15211908519268	-6.547848381102085
91.93186400830746	10.231896542012691
82.92099657654762	1.2210291102528572
82.68119453638792	0.9812270700931549
79.79565101116896	-1.9043164551258087
82.52461164444685	0.8246441781520844
69.32496213167906	-12.375005334615707
91.77235091477633	10.07238344848156
76.07844109088182	-5.621526375412941
85.30853356420994	3.6085660979151726
78.08149047195911	-3.6184769943356514
88.81031574308872	7.110348276793957
78.44277410954237	-3.2571933567523956
83.06977065652609	1.3698031902313232
86.280418895185	4.580451428890228
89.43632068485022	7.73635321855545
91.5535829514265	9.85361548513174
75.75063212960958	-5.949335336685181
73.53008998185396	-8.169877484440804
78.65430752187967	-3.0456599444150925
87.87762685865164	6.177659392356873
80.12123074382544	-1.5787367224693298
93.93341372907162	12.233446262776852
83.69676661491394	1.996799148619175
75.8919293358922	-5.808038130402565
83.39340529590845	1.6934378296136856
80.2234355956316	-1.476531870663166
86.4968323558569	4.79686488956213
78.13660768419504	-3.563359782099724
73.06716686487198	-8.632800601422787
78.8341797888279	-2.8657876774668694
74.518664970994	-7.18130249530077
89.15768694132566	7.457719475030899
79.21513220667839	-2.484835259616375
85.65999519079924	3.960027724504471
80.06071776896715	-1.6392496973276138
77.4265107512474	-4.2734567150473595
79.47546157985926	-2.2245058864355087
73.38536583632231	-8.314601629972458
80.19736412167549	-1.5026033446192741
85.37312703579664	3.673159569501877
81.60971463471651	-0.0902528315782547
78.95115389674902	-2.748813569545746
87.04517199099064	5.345204524695873
83.8615210801363	2.1615536138415337
82.19936087727547	0.49939341098070145
78.53996626287699	-3.160001203417778
73.17045840620995	-8.52950906008482
75.9734965711832	-5.726470895111561
78.39841124415398	-3.301556222140789
72.06647040694952	-9.633497059345245
87.56324860453606	5.863281138241291
72.3717019110918	-9.328265555202961
62.89602366834879	-18.803943797945976
84.66925536841154	2.9692879021167755
84.05183408409357	2.3518666177988052
79.99450678378344	-1.7054606825113297
67.29535400867462	-14.404613457620144
86.57201235741377	4.872044891119003
79.86286487430334	-1.8371025919914246
89.57724176347256	7.877274297177792
83.00515887886286	1.3051914125680923
85.40527808666229	3.705310620367527
91.21420215070248	9.514234684407711
86.63451283425093	4.9345453679561615
78.45255822688341	-3.247409239411354
87.15475914627314	5.454791679978371
88.38009849190712	6.680131025612354
77.6539638414979	-4.046003624796867
85.74134084582329	4.0413733795285225
78.88224164396524	-2.817725822329521
91.64347825944424	9.943510793149471
88.49598545581102	6.796017989516258
75.54322560876608	-6.1567418575286865
88.41409301757812	6.7141255512833595
90.18678789585829	8.486820429563522
79.33759684860706	-2.362370617687702
88.42815680801868	6.728189341723919
74.84717033058405	-6.852797135710716
76.08168540149927	-5.618282064795494
79.05827387422323	-2.641693592071533
90.6407990604639	8.94083159416914
83.36382628977299	1.663858823478222
89.90097188949585	8.201004423201084
78.98762299120426	-2.7123444750905037
82.86791771650314	1.1679502502083778
85.89128885418177	4.191321387887001
78.79644700139761	-2.9035204648971558
85.88379780948162	4.183830343186855
84.13188636302948	2.4319188967347145
73.49625986814499	-8.203707598149776
80.70802111923695	-0.9919463470578194
85.78098666667938	4.081019200384617
81.56306801736355	-0.1368994489312172
82.27879177033901	0.5788243040442467
86.98321440815926	5.2832469418644905
76.26292607933283	-5.437041386961937
78.57733090221882	-3.122636564075947
79.34020973742008	-2.3597577288746834
83.60990259051323	1.909935124218464
78.90728490799665	-2.792682558298111
77.01764722168446	-4.68232024461031
79.67877572029829	-2.021191745996475
80.72349894791842	-0.9764685183763504
88.47606105357409	6.77609358727932
88.8729895427823	7.173022076487541
84.36232846230268	2.6623609960079193
89.00316014140844	7.303192675113678
91.1142098531127	9.414242386817932
83.79060981422663	2.090642347931862
93.29564013332129	11.59567266702652
76.06829007714987	-5.6316773891448975
80.51764149218798	-1.1823259741067886
75.02752563357353	-6.672441832721233
86.05304712802172	4.353079661726952
92.8366055265069	11.136638060212135
79.15056613087654	-2.5494013354182243
78.3758777603507	-3.3240897059440613
82.55769521743059	0.8577277511358261
97.74813763797283	16.048170171678066
76.07361322641373	-5.626354239881039
94.26602042466402	12.566052958369255
78.40539983659983	-3.2945676296949387
83.33802476525307	1.6380572989583015
92.83280607312918	11.132838606834412
82.31433445960283	0.6143669933080673
82.05808913707733	0.35812167078256607
75.2839021384716	-6.416065327823162
71.64159113913774	-10.05837632715702
76.54030419141054	-5.159663274884224
92.507707901299	10.807740435004234
70.15772917121649	-11.542238295078278
82.9998210966587	1.2998536303639412
83.41999933123589	1.7200318649411201
78.86443703621626	-2.8355304300785065
84.22275622934103	2.5227887630462646
91.68413845449686	9.984170988202095
75.1121269017458	-6.587840564548969
73.15217850357294	-8.547788962721825
83.74018508940935	2.040217623114586
81.49763636291027	-0.20233110338449478
74.80181734263897	-6.898150123655796
88.23384995758533	6.533882491290569
87.6918905749917	5.991923108696938
82.15833741426468	0.4583699479699135
75.20777460932732	-6.492192856967449
82.14854872226715	0.4485812559723854
76.35677152127028	-5.34319594502449
87.6832682788372	5.9833008125424385
91.86644149571657	10.166474029421806
78.35772912204266	-3.3422383442521095
81.84913085401058	0.1491633877158165
85.47642784565687	3.7764603793621063
102.94884856045246	21.248881094157696
79.96991280466318	-1.7300546616315842
82.41769279539585	0.7177253291010857
79.7941498234868	-1.9058176428079605
76.20030356943607	-5.499663896858692
86.99625795334578	5.29629048705101
84.64989703148603	2.949929565191269
74.2088071256876	-7.491160340607166
73.26665788143873	-8.433309584856033
85.87254226952791	4.172574803233147
80.784149736166	-0.9158177301287651
82.94894634187222	1.2489788755774498
78.86971382796764	-2.8302536383271217
80.74175877124071	-0.9582086950540543
83.7692448720336	2.0692774057388306
86.07436875998974	4.374401293694973
77.85996036231518	-3.8400071039795876
87.6768237426877	5.976856276392937
84.35591448098421	2.6559470146894455
76.63135278224945	-5.068614684045315
82.28723330795765	0.5872658416628838
86.45795851200819	4.757991045713425
72.67881729453802	-9.021150171756744
83.12830182164907	1.428334355354309
76.69119492173195	-5.008772544562817
80.08174720406532	-1.6182202622294426
89.37919024378061	7.6792227774858475
85.70791099965572	4.007943533360958
93.59593514353037	11.895967677235603
77.53346748650074	-4.166499979794025
82.94272159039974	1.2427541241049767
77.63774900883436	-4.062218457460403
85.25837934017181	3.5584118738770485
86.90445727854967	5.204489812254906
80.39506352692842	-1.3049039393663406
85.39313500374556	3.6931675374507904
87.43034845590591	5.730380989611149
77.01394075900316	-4.686026707291603
77.2389376014471	-4.46102986484766
86.03302825987339	4.333060793578625
83.3564673140645	1.6564998477697372
79.48319112509489	-2.216776341199875
85.9035229459405	4.203555479645729
86.82479903101921	5.124831564724445
81.01228585094213	-0.6876816153526306
80.94854062050581	-0.7514268457889557
74.24258175492287	-7.457385711371899
75.53996451944113	-6.160002946853638
79.10934866219759	-2.5906188040971756
80.57924797385931	-1.1207194924354553
80.23011288791895	-1.4698545783758163
82.7556724846363	1.0557050183415413
73.9460650831461	-7.75390238314867
75.97333428263664	-5.726633183658123
80.29208741337061	-1.4078800529241562
81.78571746498346	0.08574999868869781
89.20039443671703	7.500426970422268
82.1940027102828	0.4940352439880371
81.44507549703121	-0.2548919692635536
85.08230129629374	3.38233382999897
86.0384369418025	4.338469475507736
69.93447595089674	-11.765491515398026
81.63338725268841	-0.06658021360635757
81.6869818419218	-0.012985624372959137
89.56121628731489	7.861248821020126
89.17702807486057	7.477060608565807
81.63849234580994	-0.06147512048482895
72.50943072140217	-9.190536744892597
69.68628679960966	-12.013680666685104
73.25139497220516	-8.448572494089603
81.15527952462435	-0.5446879416704178
69.8149811476469	-11.884986318647861
86.6876356229186	4.98766815662384
77.63063918799162	-4.069328278303146
80.51596923917532	-1.1839982271194458
78.95797727257013	-2.7419901937246323
76.58904252201319	-5.110924944281578
78.18103437870741	-3.5189330875873566
82.97108444571495	1.271116979420185
87.12537173181772	5.425404265522957
100.01843810081482	18.318470634520054
78.65733876824379	-3.042628698050976
76.75210499763489	-4.947862468659878
82.81932932883501	1.119361862540245
86.19808228313923	4.498114816844463
81.43147181719542	-0.26849564909935
82.9023574963212	1.2023900300264359
76.97051390260458	-4.7294535636901855
75.60499957203865	-6.094967894256115
89.4936228170991	7.793655350804329
85.87349683791399	4.1735293716192245
72.2658868804574	-9.434080585837364
76.39334432035685	-5.30662314593792
84.62030591070652	2.9203384444117546
80.93395042419434	-0.7660170421004295
84.55920369178057	2.8592362254858017
72.56574076414108	-9.134226702153683
65.82970370352268	-15.870263762772083
76.39132085442543	-5.308646611869335
67.90934640169144	-13.790621064603329
86.86132880300283	5.161361336708069
78.2865557745099	-3.4134116917848587
75.44647364318371	-6.253493823111057
65.97950252890587	-15.720464937388897
76.90536399185658	-4.7946034744381905
91.66438888013363	9.964421413838863
84.02829179912806	2.32832433283329
79.0607757717371	-2.639191694557667
85.53900650143623	3.839039035141468
94.81766987591982	13.117702409625053
73.29200033843517	-8.407967127859592
77.61782096326351	-4.082146503031254
71.42173741012812	-10.278230056166649
78.21886754781008	-3.481099918484688
83.64733434468508	1.9473668783903122
81.83092807233334	0.1309606060385704
79.15709199011326	-2.542875476181507
83.6791944950819	1.979227028787136
69.75292664021254	-11.94704082608223
91.29080318659544	9.590835720300674
80.7624396532774	-0.9375278130173683
85.40696513652802	3.7069976702332497
79.13620466738939	-2.5637627989053726
80.26850893348455	-1.4314585328102112
76.20455052703619	-5.495416939258575
87.4354095235467	5.73544205725193
79.5262653902173	-2.1737020760774612
81.595100954175	-0.10486651211977005
75.36517135053873	-6.334796115756035
75.9004138186574	-5.799553647637367
84.39168240875006	2.6917149424552917
72.74532758444548	-8.954639881849289
80.7936754450202	-0.9062920212745667
77.43919497728348	-4.260772489011288
84.54141065478325	2.8414431884884834
85.23270342499018	3.5327359586954117
72.72477892041206	-8.975188545882702
84.05618064850569	2.3562131822109222
72.51203535497189	-9.18793211132288
86.75272110849619	5.052753642201424
89.25577422231436	7.555806756019592
81.76539105921984	0.06542359292507172
86.40753808617592	4.707570619881153
81.50277991592884	-0.19718755036592484
86.27860756963491	4.578640103340149
81.25679690390825	-0.44317056238651276
84.75168120115995	3.0517137348651886
83.8036430478096	2.1036755815148354
86.77382056415081	5.073853097856045
77.18381787836552	-4.516149587929249
77.96633335202932	-3.733634114265442
81.34753520786762	-0.3524322584271431
83.91088251769543	2.2109150514006615
80.62201309204102	-1.0779543742537498
80.09908575564623	-1.6008817106485367
84.63779626041651	2.9378287941217422
82.63611940294504	0.9361519366502762
90.52056045085192	8.820592984557152
84.33557390421629	2.635606437921524
93.79685938358307	12.096891917288303
86.20124622434378	4.501278758049011
83.87636169046164	2.17639422416687
73.54795105010271	-8.152016416192055
65.06788322329521	-16.632084242999554
76.94478065520525	-4.755186811089516
81.14905118197203	-0.5509162843227386
92.10022865235806	10.40026118606329
74.9791826531291	-6.720784813165665
86.37346860766411	4.673501141369343
93.90053898096085	12.20057151466608
82.01359535753727	0.3136278912425041
86.61148819327354	4.911520726978779
82.13381879776716	0.43385133147239685
84.09686007350683	2.3968926072120667
88.4241947978735	6.7242273315787315
86.26250956952572	4.562542103230953
81.08418606966734	-0.6157813966274261
80.42684514075518	-1.273122325539589
76.9460546374321	-4.753912828862667
83.85388074070215	2.153913274407387
78.08616851270199	-3.6137989535927773
76.35033909231424	-5.349628373980522
82.03921451419592	0.33924704790115356
78.34496998041868	-3.3549974858760834
77.04446209967136	-4.655505366623402
78.02979436516762	-3.6701731011271477
77.26727730035782	-4.432690165936947
84.82580293715	3.125835470855236
83.944968983531	2.2450015172362328
79.48678525537252	-2.213182210922241
71.25463554263115	-10.445331923663616
95.94119072705507	14.241223260760307
78.90466341376305	-2.795304052531719
73.73507303744555	-7.96489442884922
95.23238798975945	13.53242052346468
73.15736025571823	-8.542607210576534
73.5416734740138	-8.15829399228096
78.95542266964912	-2.7445447966456413
76.54886267334223	-5.1511047929525375
71.878866545856	-9.821100920438766
84.54597445577383	2.846006989479065
76.34812906384468	-5.351838402450085
76.98052489757538	-4.719442568719387
80.1276580542326	-1.5723094120621681
75.72148904204369	-5.97847842425108
88.98414197564125	7.284174509346485
84.83640161901712	3.1364341527223587
89.96403148770332	8.264064021408558
69.30620672553778	-12.393760740756989
77.86075510829687	-3.8392123579978943
74.9065407589078	-6.7934267073869705
86.8053917363286	5.105424270033836
84.40511775761843	2.705150291323662
72.90634060651064	-8.793626859784126
76.46919246762991	-5.230774998664856
81.9100716933608	0.21010422706604004
76.84776335209608	-4.852204114198685
77.36538144946098	-4.334586016833782
84.05570383369923	2.355736367404461
74.80518992245197	-6.8947775438427925
81.15030013769865	-0.5496673285961151
78.94864836335182	-2.7513191029429436
90.5038734599948	8.803905993700027
75.94454276561737	-5.755424700677395
82.18824768811464	0.4882802218198776
88.58689469099045	6.8869272246956825
85.15361127257347	3.4536438062787056
80.4844434261322	-1.2155240401625633
77.18585622310638	-4.514111243188381
79.77194745093584	-1.9280200153589249
74.91502829641104	-6.784939169883728
78.56030544638634	-3.139662019908428
85.0128358900547	3.3128684237599373
78.67452194541693	-3.025445520877838
79.20473212748766	-2.495235338807106
89.47130828350782	7.7713408172130585
82.19082940369844	0.4908619374036789
76.02398204803467	-5.6759854182600975
86.76917561143637	5.069208145141602
76.7484693005681	-4.951498165726662
88.73093263804913	7.03096517175436
65.91072302311659	-15.789244443178177
94.65001095086336	12.950043484568596
90.24585634469986	8.545888878405094
76.62181801348925	-5.078149452805519
83.33955876529217	1.6395912989974022
72.10617537051439	-9.593792095780373
71.10228193551302	-10.597685530781746
76.72594689577818	-4.974020570516586
88.07731422781944	6.377346761524677
90.83872435241938	9.138756886124611
85.86104249954224	4.161075033247471
67.23282941430807	-14.467138051986694
80.19475919753313	-1.5052082687616348
85.71568913757801	4.015721671283245
77.58815013617277	-4.111817330121994
79.11234698444605	-2.5876204818487167
79.62544886022806	-2.074518606066704
84.99504677206278	3.295079305768013
85.64781898260117	3.9478515163064003
77.00797348469496	-4.691993981599808
81.45007529854774	-0.24989216774702072
69.5980035662651	-12.10196390002966
80.26619784533978	-1.4337696209549904
99.35913841426373	17.65917094796896
76.31525142490864	-5.3847160413861275
75.87959365546703	-5.820373810827732
85.30060470104218	3.60063723474741
83.77143689244986	2.0714694261550903
74.01969681680202	-7.680270649492741
81.29540280997753	-0.40456465631723404
76.0147694349289	-5.685198031365871
98.16945555061102	16.469488084316254
77.5282085314393	-4.171758934855461
96.5241811349988	14.824213668704033
85.05086988955736	3.350902423262596
89.82634948194027	8.126382015645504
86.82749942690134	5.127531960606575
72.02651996910572	-9.673447497189045
81.09649108350277	-0.603476382791996
81.26615975797176	-0.43380770832300186
74.57358025759459	-7.12638720870018
78.24762275069952	-3.4523447155952454
87.22984194010496	5.529874473810196
78.3225224763155	-3.377444989979267
75.67791214585304	-6.022055320441723
94.04315803945065	12.34319057315588
82.08777592331171	0.3878084570169449
71.6402850523591	-10.059682413935661
71.82856483012438	-9.871402636170387
85.23868639022112	3.5387189239263535
87.60594034194946	5.905972875654697
85.57582365721464	3.875856190919876
83.36769235879183	1.6677248924970627
67.04782440513372	-14.652143061161041
74.8406161442399	-6.859351322054863
77.88960555940866	-3.8103619068861008
69.5514577999711	-12.148509666323662
66.71368288993835	-14.986284576356411
80.67525386810303	-1.0247135981917381
83.94569177925587	2.2457243129611015
88.60250911861658	6.9025416523218155
79.38446176052094	-2.3155057057738304
85.19787058234215	3.4979031160473824
77.49785175919533	-4.202115707099438
77.67924605309963	-4.020721413195133
89.48318894207478	7.78322147578001
78.13949519395828	-3.560472272336483
76.54471103101969	-5.155256435275078
78.49168509989977	-3.2082823663949966
86.0628656744957	4.3628982082009315
88.74098286777735	7.041015401482582
83.77243508398533	2.072467617690563
74.87530205398798	-6.824665412306786
98.41587129980326	16.71590383350849
74.19083072990179	-7.509136736392975
80.71594128012657	-0.9840261861681938
84.33945287764072	2.6394854113459587
81.59030088037252	-0.10966658592224121
83.69833477586508	1.9983673095703125
76.915033608675	-4.784933857619762
76.55259107798338	-5.147376388311386
97.41646968573332	15.716502219438553
74.58433513343334	-7.1156323328614235
67.01509391516447	-14.684873551130295
74.46868666261435	-7.23128080368042
83.29476294666529	1.5947954803705215
67.90849480777979	-13.791472658514977
82.21165449917316	0.5116870328783989
81.18253149092197	-0.5174359753727913
72.1716454103589	-9.52832205593586
81.6399860009551	-0.059981465339660645
89.85966312885284	8.159695662558079
83.98857364058495	2.28860617429018
86.17872466892004	4.478757202625275
74.18616339564323	-7.513804070651531
84.08111049234867	2.3811430260539055
85.84580792486668	4.145840458571911
74.46299916505814	-7.2369683012366295
79.817870862782	-1.882096603512764
76.70498724281788	-4.994980223476887
76.96909774839878	-4.730869717895985
76.05864772200584	-5.641319744288921
83.2465950474143	1.5466275811195374
87.59585373848677	5.895886272192001
86.5165234208107	4.816555954515934
85.42980230599642	3.7298348397016525
87.4870375841856	5.787070117890835
75.74896328151226	-5.951004184782505
86.3157841488719	4.615816682577133
87.79823783040047	6.0982703641057014
68.55129038542509	-13.148677080869675
81.3177082836628	-0.38225918263196945
80.40069196373224	-1.2992755025625229
82.10107678174973	0.40110931545495987
65.63605137914419	-16.063916087150574
81.10802867263556	-0.5919387936592102
80.7326799184084	-0.9672875478863716
79.46354363113642	-2.236423835158348
81.11579140275717	-0.5841760635375977
84.54820647090673	2.848239004611969
85.92673838883638	4.226770922541618
83.78422185778618	2.084254391491413
68.4696878194809	-13.23027964681387
91.31961295753717	9.619645491242409
78.8980094268918	-2.8019580394029617
87.49863804876804	5.798670582473278
79.77035983651876	-1.929607629776001
77.48361993581057	-4.2163475304841995
65.4300746768713	-16.269892789423466
74.0010651871562	-7.698902279138565
88.07183561474085	6.371868148446083
72.83203525096178	-8.867932215332985
89.98474298417568	8.284775517880917
84.3628765270114	2.662909060716629
82.4965797290206	0.7966122627258301
81.57755931466818	-0.12240815162658691
91.59208236634731	9.892114900052547
75.03742084652185	-6.662546619772911
80.48045344650745	-1.2195140197873116
81.83894819766283	0.13898073136806488
93.33961056917906	11.639643102884293
91.18940402567387	9.4894365593791
83.29418730735779	1.5942198410630226
94.64813937991858	12.94817191362381
84.32663008570671	2.6266626194119453
75.42481264472008	-6.275154821574688
74.22545913606882	-7.4745083302259445
82.92817837744951	1.228210911154747
74.3874166533351	-7.312550812959671
80.20503958314657	-1.4949278831481934
76.81529416143894	-4.8846733048558235
79.59632496535778	-2.103642500936985
71.18119934946299	-10.51876811683178
82.14469440281391	0.44472693651914597
76.99241872876883	-4.70754873752594
81.77318461984396	0.07321715354919434
85.37798774987459	3.6780202835798264
80.55148278921843	-1.1484846770763397
79.60703133791685	-2.0929361283779144
73.68987669050694	-8.01009077578783
85.49153618514538	3.7915687188506126
81.52954340726137	-0.17042405903339386
79.6718118712306	-2.028155595064163
74.08816349506378	-7.611803971230984
81.618168361485	-0.08179910480976105
83.22767747938633	1.5277100130915642
77.20302029699087	-4.496947169303894
85.5960446819663	3.8960772156715393
80.84543118625879	-0.8545362800359726
80.40992171317339	-1.290045753121376
88.65031921118498	6.950351744890213
93.30613086372614	11.606163397431374
92.17006354033947	10.470096074044704
79.29011137783527	-2.4098560884594917
93.83162983506918	12.131662368774414
82.3226086050272	0.6226411387324333
87.87070900946856	6.17074154317379
77.5981919914484	-4.101775474846363
79.77708895504475	-1.922878511250019
82.96972851455212	1.269761048257351
90.79399961978197	9.094032153487206
79.00503811985254	-2.6949293464422226
90.96962066739798	9.26965320110321
85.03186095505953	3.331893488764763
78.24729647487402	-3.452670991420746
95.9962969198823	14.296329453587532
85.91681161522865	4.2168441489338875
80.50144459307194	-1.198522873222828
81.55427698791027	-0.14569047838449478
78.76420004665852	-2.9357674196362495
95.79863451421261	14.098667047917843
80.40327186137438	-1.2966956049203873
92.87152427434921	11.171556808054447
80.01260384172201	-1.687363624572754
69.63817881047726	-12.061788655817509
80.96915151923895	-0.7308159470558167
85.65119887143373	3.9512314051389694
95.59697980433702	13.89701233804226
74.7348690778017	-6.965098388493061
75.23195219784975	-6.468015268445015
78.88115379214287	-2.8188136741518974
84.4000469148159	2.7000794485211372
82.94503411650658	1.245066650211811
79.32662060856819	-2.373346857726574
83.51672744750977	1.8167599812150002
74.50154142081738	-7.19842604547739
68.90053153783083	-12.799435928463936
73.29292026162148	-8.40704720467329
77.207853987813	-4.49211347848177
90.37085756659508	8.670890100300312
82.23100100457668	0.5310335382819176
89.78266176581383	8.082694299519062
82.86433631181717	1.1643688455224037
76.81800853461027	-4.881958931684494
66.64766037464142	-15.052307091653347
81.43737300485373	-0.26259446144104004
91.21549658477306	9.515529118478298
77.8901059255004	-3.8098615407943726
71.21618247032166	-10.48378499597311
75.96706674993038	-5.732900716364384
73.73272034525871	-7.967247121036053
89.31192170828581	7.611954241991043
86.27020870894194	4.570241242647171
79.65077105909586	-2.049196407198906
71.76131862401962	-9.938648842275143
83.97815266996622	2.2781852036714554
81.97379720211029	0.27382973581552505
84.41570630669594	2.7157388404011726
78.2602000683546	-3.439767397940159
71.35338601469994	-10.34658145159483
78.51793411374092	-3.1820333525538445
76.06684314459562	-5.6331243216991425
68.95468506217003	-12.745282404124737
86.53378926217556	4.8338217958807945
81.97916584461927	0.27919837832450867
84.48714146018028	2.787173993885517
70.78660626709461	-10.913361199200153
72.19957224279642	-9.500395223498344
87.87201446294785	6.17204699665308
81.20107481628656	-0.4988926500082016
78.05888812988997	-3.6410793364048004
72.90740963071585	-8.792557835578918
74.97061450779438	-6.729352958500385
82.12754188477993	0.42757441848516464
89.29074281454086	7.590775348246098
90.35571894794703	8.65575148165226
81.68245093524456	-0.01751653105020523
76.04083450883627	-5.659132957458496
91.18373406678438	9.483766600489616
78.42313011735678	-3.2768373489379883
79.69301749020815	-2.0069499760866165
85.01702178269625	3.3170543164014816
75.95594570040703	-5.744021765887737
84.83098988980055	3.131022423505783
92.77100943773985	11.071041971445084
69.5600688830018	-12.139898583292961
86.39899029582739	4.699022829532623
75.98493214696646	-5.715035319328308
81.75164062529802	0.05167315900325775
84.8896105736494	3.189643107354641
82.85579874366522	1.1558312773704529
83.75236600637436	2.0523985400795937
84.28470491617918	2.5847374498844147
85.38622280210257	3.6862553358078003
77.80715998262167	-3.8928074836730957
80.29902408272028	-1.4009433835744858
91.54648571461439	9.846518248319626
86.00996524095535	4.309997774660587
80.1708931773901	-1.529074288904667
85.01415829360485	3.3141908273100853
60.43372593820095	-21.266241528093815
79.55093324184418	-2.1490342244505882
77.18665931373835	-4.513308152556419
84.659473977983	2.9595065116882324
86.67200785130262	4.972040385007858
88.18839475512505	6.48842728883028
77.31640339642763	-4.383564069867134
78.0321054533124	-3.6678620129823685
77.20313551276922	-4.496831953525543
84.41498400270939	2.7150165364146233
91.97695273905993	10.27698527276516
76.41012258082628	-5.289844885468483
75.67880892753601	-6.021158538758755
77.89435405284166	-3.805613413453102
78.02673765271902	-3.6732298135757446
86.89190267771482	5.191935211420059
76.82675635814667	-4.873211108148098
86.3822975680232	4.682330101728439
93.75244753807783	12.052480071783066
74.27155972272158	-7.428407743573189
87.94593446701765	6.245967000722885
102.42036610096693	20.720398634672165
74.14676015079021	-7.553207315504551
83.87415514141321	2.1741876751184464
79.8898104429245	-1.810157023370266
86.32258732616901	4.6226198598742485
85.97806940227747	4.278101935982704
80.87566480785608	-0.8243026584386826
82.37796914577484	0.6780016794800758
78.55297246575356	-3.14699500054121
80.98499534279108	-0.714972123503685
77.73876433074474	-3.961203135550022
88.39047391712666	6.69050645083189
80.85499392449856	-0.8449735417962074
74.86452171206474	-6.835445754230022
85.97363467514515	4.273667208850384
82.21449583768845	0.5145283713936806
85.558684296906	3.858716830611229
82.76077086478472	1.060803398489952
70.69848316162825	-11.00148430466652
88.92522639036179	7.22525892406702
92.46325080096722	10.763283334672451
89.18630712479353	7.486339658498764
77.10961912572384	-4.590348340570927
87.2017230540514	5.501755587756634
94.64275759458542	12.942790128290653
67.69251842796803	-14.00744903832674
83.43664553016424	1.7366780638694763
94.95638670772314	13.256419241428375
82.6108567416668	0.9108892753720284
80.40631502866745	-1.2936524376273155
84.02963557094336	2.32966810464859
72.69441717118025	-9.005550295114517
83.44487053155899	1.744903065264225
81.18522444367409	-0.514743022620678
78.25237329304218	-3.4475941732525826
88.06822364032269	6.36825617402792
79.97905345261097	-1.720914013683796
78.04394117742777	-3.6560262888669968
84.83865936100483	3.138691894710064
80.44597287476063	-1.2539945915341377
77.9840689226985	-3.7158985435962677
83.49311603605747	1.7931485697627068
81.20471915602684	-0.49524831026792526
86.17164282500744	4.471675358712673
75.0992489606142	-6.600718505680561
76.84439079463482	-4.855576671659946
88.47395980358124	6.773992337286472
79.84555149078369	-1.854415975511074
87.10396720468998	5.403999738395214
73.20912800729275	-8.490839459002018
66.33544290065765	-15.364524565637112
85.67934828996658	3.979380823671818
86.3193062916398	4.619338825345039
71.76301930844784	-9.936948157846928
82.50126905739307	0.8013015910983086
96.11499211937189	14.415024653077126
79.81995896995068	-1.8800084963440895
86.53357551246881	4.833608046174049
74.90769155323505	-6.7922759130597115
85.20852064341307	3.5085531771183014
79.54012466222048	-2.1598428040742874
91.02823427319527	9.328266806900501
79.89255549013615	-1.807411976158619
77.99854766577482	-3.7014198005199432
90.73289408534765	9.032926619052887
103.61780124902725	21.917833782732487
78.96865431964397	-2.731313146650791
71.68485163897276	-10.015115827322006
79.2160072028637	-2.4839602634310722
81.69776352494955	-0.0022039413452148438
80.70372691750526	-0.9962405487895012
75.5803482979536	-6.11961916834116
71.80408077687025	-9.895886689424515
95.84684006124735	14.146872594952583
83.69103703647852	1.991069570183754
75.52811796218157	-6.171849504113197
82.76703619211912	1.067068725824356
81.5078134611249	-0.19215400516986847
76.01430108398199	-5.685666382312775
74.03471379727125	-7.665253669023514
92.55500365793705	10.855036191642284
92.3439010605216	10.643933594226837
83.98490061610937	2.2849331498146057
74.7855913862586	-6.914376080036163
75.47892537713051	-6.221042089164257
96.35389614105225	14.65392867475748
85.7522650808096	4.052297614514828
77.17559439688921	-4.524373069405556
74.21081355214119	-7.489153914153576
78.09195923805237	-3.6080082282423973
86.85403760522604	5.154070138931274
73.97704557329416	-7.722921893000603
80.00772461295128	-1.6922428533434868
84.87181878834963	3.171851322054863
88.3347395285964	6.634772062301636
79.82500910013914	-1.8749583661556244
88.49141555279493	6.791448086500168
65.62346313148737	-16.076504334807396
79.39942726492882	-2.3005402013659477
68.91436660289764	-12.785600863397121
81.92936493456364	0.2293974682688713
89.72145732492208	8.02148985862732
83.65602629631758	1.956058830022812
87.53397941589355	5.834011949598789
87.21137225627899	5.511404789984226
80.50094806402922	-1.1990194022655487
83.80853465944529	2.1085671931505203
80.02879682928324	-1.671170637011528
82.26503659039736	0.5650691241025925
66.01172867417336	-15.68823879212141
88.76932115852833	7.0693536922335625
87.05661855638027	5.356651090085506
80.93045201897621	-0.7695154473185539
80.4304853528738	-1.2694821134209633
87.733567930758	6.033600464463234
87.25438570231199	5.554418236017227
78.26898320764303	-3.4309842586517334
80.86045058071613	-0.8395168855786324
81.02334951609373	-0.6766179502010345
88.61197857558727	6.912011109292507
78.13622958213091	-3.5637378841638565
76.60932220518589	-5.090645261108875
79.06255059689283	-2.6374168694019318
74.56885416060686	-7.131113305687904
75.55438556522131	-6.145581901073456
80.12385573983192	-1.576111726462841
78.19665163755417	-3.5033158287405968
77.56364385038614	-4.136323615908623
72.88882700353861	-8.811140462756157
71.07428058981895	-10.625686876475811
77.774457834661	-3.9255096316337585
98.70942214131355	17.009454675018787
78.80538041889668	-2.8945870473980904
72.53502888977528	-9.16493857651949
82.16758670657873	0.46761924028396606
71.9246930256486	-9.775274440646172
78.09670139104128	-3.6032660752534866
82.66956144571304	0.9695939794182777
74.46146216243505	-7.238505303859711
84.07861711829901	2.378649652004242
78.22490107268095	-3.4750663936138153
76.66387534886599	-5.03609211742878
85.86517432332039	4.165206857025623
76.48080208152533	-5.21916538476944
72.41316363215446	-9.2868038341403
73.83053469657898	-7.869432769715786
76.96165558695793	-4.738311879336834
74.49175291508436	-7.208214551210403
72.97439689934254	-8.725570566952229
99.878662340343	18.178694874048233
89.09238807111979	7.39242060482502
62.97050800174475	-18.72945946455002
74.26356416195631	-7.436403304338455
74.35039994120598	-7.349567525088787
65.73116336762905	-15.968804098665714
74.98391538113356	-6.716052085161209
80.48819670826197	-1.2117707580327988
81.92885862290859	0.22889115661382675
75.39478552341461	-6.305181942880154
85.68045963346958	3.980492167174816
71.77874952554703	-9.921217940747738
83.71931432932615	2.0193468630313873
87.93217480182648	6.232207335531712
89.61231356114149	7.9123460948467255
75.2611550167203	-6.4388124495744705
70.81946597248316	-10.880501493811607
78.66582379490137	-3.0341436713933945
74.6225438117981	-7.07742365449667
87.10200870037079	5.402041234076023
78.40202312916517	-3.297944337129593
78.10873033851385	-3.5912371277809143
78.22149477899075	-3.47847268730402
85.84358980506659	4.14362233877182
87.79831117391586	6.098343707621098
86.57298239320517	4.8730149269104
86.27544139325619	4.575473926961422
77.37349178642035	-4.32647567987442
79.66057669371367	-2.0393907725811005
87.85853389650583	6.158566430211067
87.11137560009956	5.411408133804798
81.23020309954882	-0.4697643667459488
89.70581344515085	8.005845978856087
78.91799773275852	-2.7819697335362434
77.34225414693356	-4.35771331936121
70.65189195424318	-11.048075512051582
86.52036044746637	4.820392981171608
83.66211380064487	1.962146334350109
73.39154560118914	-8.308421865105629
94.58064310252666	12.8806756362319
88.43230943381786	6.732341967523098
81.60876326262951	-0.0912042036652565
76.41417229175568	-5.285795174539089
90.26425665616989	8.564289189875126
81.18630144745111	-0.5136660188436508
87.81713199615479	6.11716452986002
94.67957624047995	12.97960877418518
89.14185404777527	7.441886581480503
92.94092511385679	11.240957647562027
84.19519805163145	2.495230585336685
88.55509236454964	6.855124898254871
82.24086730182171	0.5408998355269432
77.50006252527237	-4.199904941022396
87.66909187287092	5.969124406576157
71.35448352247477	-10.34548394382
77.10851441323757	-4.591453053057194
97.05066103488207	15.350693568587303
71.46654105186462	-10.233426414430141
86.63743755966425	4.937470093369484
77.17830418795347	-4.521663278341293
83.33502011746168	1.635052651166916
78.30448753386736	-3.3954799324274063
85.68975769728422	3.989790230989456
83.16339097172022	1.4634235054254532
84.41647147387266	2.716504007577896
84.47665924578905	2.7766917794942856
77.45211735367775	-4.247850112617016
78.23795259743929	-3.4620148688554764
76.68408188223839	-5.015885584056377
90.91716289520264	9.217195428907871
90.16088514775038	8.460917681455612
87.33516527712345	5.635197810828686
87.93274096399546	6.232773497700691
86.80098483711481	5.1010173708200455
83.98453614115715	2.284568674862385
76.95446076244116	-4.745506703853607
93.20278588682413	11.502818420529366
85.79275138676167	4.0927839204669
79.19629982113838	-2.5036676451563835
98.12073080986738	16.420763343572617
90.60190249979496	8.901935033500195
78.97775549441576	-2.7222119718790054
83.31087474524975	1.6109072789549828
88.63278143107891	6.932813964784145
88.31377910077572	6.613811634480953
65.16926848888397	-16.530698977410793
81.31513699889183	-0.38483046740293503
78.2075591981411	-3.4924082681536674
75.58159646391869	-6.11837100237608
78.92227847874165	-2.7776889875531197
82.08629086613655	0.38632339984178543
87.01367998123169	5.313712514936924
86.6685599014163	4.968592435121536
76.79615046828985	-4.903816998004913
89.46995288878679	7.769985422492027
79.73927995562553	-1.9606875106692314
79.54900204390287	-2.1509654223918915
84.05541772395372	2.3554502576589584
72.79568785429001	-8.904279612004757
74.28837556391954	-7.411591902375221
82.22996560484171	0.5299981385469437
86.19214899837971	4.492181532084942
75.33661841601133	-6.363349050283432
88.89473939687014	7.194771930575371
80.17590241879225	-1.5240650475025177
77.60996481776237	-4.090002648532391
79.79659926146269	-1.903368204832077
64.95536194741726	-16.744605518877506
87.59820490330458	5.898237437009811
71.93163792043924	-9.768329545855522
85.68889059126377	3.9889231249690056
90.5770927593112	8.877125293016434
88.57924278825521	6.879275321960449
90.77980287373066	9.079835407435894
69.88854928314686	-11.811418183147907
74.32627641409636	-7.37369105219841
77.99727465957403	-3.7026928067207336
90.44999455660582	8.75002709031105
81.1722000837326	-0.5277673825621605
77.22479113191366	-4.4751763343811035
82.771717607975	1.0717501416802406
80.7494303882122	-0.9505370780825615
77.2404146566987	-4.459552809596062
79.4826287701726	-2.2173386961221695
76.682204477489	-5.017762988805771
94.92146970331669	13.221502237021923
89.21180092543364	7.51183345913887
85.73783054202795	4.037863075733185
81.71580743789673	0.015839971601963043
83.99102101475	2.2910535484552383
76.96287118643522	-4.737096279859543
77.47366885840893	-4.2262986078858376
88.38495952636003	6.6849920600652695
78.20342676341534	-3.496540702879429
79.56436683237553	-2.135600633919239
76.81109499931335	-4.888872466981411
80.23154451698065	-1.4684229493141174
69.21178324520588	-12.488184221088886
77.56451965868473	-4.135447807610035
70.3990328386426	-11.300934627652168
83.99915502220392	2.299187555909157
82.34942302852869	0.6494555622339249
77.16087687015533	-4.539090596139431
85.95828535407782	4.2583178877830505
68.48112966865301	-13.218837797641754
87.26397214829922	5.564004682004452
73.96610690653324	-7.733860559761524
78.47684323042631	-3.223124235868454
81.80433735251427	0.1043698862195015
80.8927601724863	-0.8072072938084602
81.10572290420532	-0.5942445620894432
83.48716045171022	1.7871929854154587
73.53672482818365	-8.163242638111115
86.10639353841543	4.4064260721206665
82.1658648699522	0.46589740365743637
74.47296341508627	-7.227004051208496
88.43303084373474	6.733063377439976
92.43558183312416	10.735614366829395
86.38850126415491	4.688533797860146
94.31158725172281	12.611619785428047
74.95642653852701	-6.743540927767754
86.92774725705385	5.227779790759087
79.87513452768326	-1.8248329386115074
85.1201643049717	3.4201968386769295
90.36884922534227	8.668881759047508
79.41690132021904	-2.2830661460757256
84.91229585558176	3.212328389286995
84.5324788838625	2.83251141756773
86.67384063452482	4.973873168230057
76.50614399462938	-5.193823471665382
79.34310361742973	-2.356863848865032
87.03224834054708	5.332280874252319
79.49457773566246	-2.205389730632305
83.15725477784872	1.457287311553955
80.26924352347851	-1.4307239428162575
89.34326013177633	7.643292665481567
72.51543941348791	-9.184528052806854
79.15668042749166	-2.5432870388031006
69.60802678018808	-12.091940686106682
78.56880383193493	-3.1311636343598366
84.70910507440567	3.0091376081109047
85.33822787553072	3.6382604092359543
82.34435030072927	0.6443828344345093
72.42101637274027	-9.278951093554497
82.95184732973576	1.2518798634409904
77.27311672270298	-4.426850743591785
75.58491354435682	-6.1150539219379425
84.53634302318096	2.836375556886196
67.79131745547056	-13.908650010824203
74.2001031562686	-7.499864310026169
77.08332616835833	-4.6166412979364395
87.05540072917938	5.355433262884617
88.1100604236126	6.410092957317829
95.91096661239862	14.210999146103859
93.61383264511824	11.913865178823471
90.23223403841257	8.532266572117805
75.5919331908226	-6.108034275472164
78.96716461330652	-2.732802852988243
73.09318529069424	-8.606782175600529
80.93576848506927	-0.7641989812254906
84.50793812423944	2.8079706579446793
76.3719007447362	-5.328066721558571
79.83066246658564	-1.8693049997091293
81.92970674484968	0.22973927855491638
80.20087386667728	-1.4990935996174812
83.79218040406704	2.092212937772274
88.68158760666847	6.981620140373707
86.18467130511999	4.484703838825226
85.24095300585032	3.5409855395555496
75.54725109785795	-6.152716368436813
86.23070602864027	4.530738562345505
84.60241792351007	2.902450457215309
85.54389972984791	3.8439322635531425
77.23833259940147	-4.4616348668932915
89.59550902247429	7.8955415561795235
79.08734729140997	-2.612620174884796
81.91833561658859	0.21836815029382706
87.40445106476545	5.704483598470688
80.91283498704433	-0.7871324792504311
76.96410366147757	-4.7358638048172
87.78675231337547	6.0867848470807076
87.64378410577774	5.943816639482975
69.057085134089	-12.642882332205772
84.14569787681103	2.445730410516262
82.55019906163216	0.8502315953373909
73.78468929976225	-7.9152781665325165
86.15333504229784	4.453367576003075
86.15394975244999	4.453982286155224
90.3380933701992	8.638125903904438
86.44042825698853	4.74046079069376
72.89230882376432	-8.807658642530441
86.39564156532288	4.6956740990281105
83.53094770014286	1.830980233848095
78.93756515532732	-2.7624023109674454
84.61183469742537	2.9118672311306
76.35272783041	-5.347239635884762
78.52385234087706	-3.1761151254177094
83.13874112814665	1.438773661851883
80.90523009747267	-0.7947373688220978
91.77904184162617	10.079074375331402
83.61798414587975	1.91801667958498
89.02961600571871	7.329648539423943
82.55331593006849	0.8533484637737274
87.62114688009024	5.921179413795471
76.65958052128553	-5.040386945009232
85.39428014308214	3.6943126767873764
85.39999591559172	3.7000284492969513
84.70857545733452	3.008607991039753
73.73407573997974	-7.9658917263150215
92.12125691771507	10.421289451420307
80.37767610698938	-1.3222913593053818
87.76157716661692	6.061609700322151
83.5139749571681	1.8140074908733368
77.87888734042645	-3.8210801258683205
82.504201233387	0.8042337670922279
91.94666732102633	10.24669985473156
79.51010204851627	-2.189865417778492
74.9695453941822	-6.73042207211256
90.58181574940681	8.881848283112049
86.5508419945836	4.850874528288841
80.01608952134848	-1.683877944946289
80.3175680488348	-1.3823994174599648
84.56929391622543	2.869326449930668
91.99961625784636	10.29964879155159
88.20762075483799	6.507653288543224
89.4932170510292	7.79324958473444
86.77187484502792	5.071907378733158
76.35436000674963	-5.3456074595451355
66.38842727988958	-15.311540186405182
81.02306941151619	-0.6768980547785759
88.09123600274324	6.391268536448479
88.36814055591822	6.668173089623451
